ts,arr_e_req,client_bill,assigned_type,realized_type,fail_time,fail_energy1,fail_energy2,fail_energy_both,fail_IR,chg_e_req,imbalance_bill,n_cars,avg_lax,payoff
166559.0,,,,,,,,,,0.0,0.0,0.0,0.0,
166560.0,10.779999999999994,0.6899199999999996,"[[0. 0. 0.]
 [0. 0. 0.]
 [0. 0. 1.]]","[[0. 0. 0.]
 [1. 0. 0.]
 [0. 0. 0.]]",0.0,0.0,0.0,0.0,0.0,0.057809100645440176,0.2220331937590066,1.0,0.2568171929150372,0.0
166561.0,0.0,0.0,"[[0. 0. 0.]
 [0. 0. 0.]
 [0. 0. 0.]]","[[0. 0. 0.]
 [0. 0. 0.]
 [0. 0. 0.]]",0.0,0.0,0.0,0.0,0.0,0.02783299920193258,0.08690575670811429,1.0,0.22491406541014483,0.0
166562.0,0.0,0.0,"[[0. 0. 0.]
 [0. 0. 0.]
 [0. 0. 0.]]","[[0. 0. 0.]
 [0. 0. 0.]
 [0. 0. 0.]]",0.0,0.0,0.0,0.0,0.0,-0.0873519949959983,-0.17742937223587174,1.0,0.158454788594879,0.0
166563.0,0.0,0.0,"[[0. 0. 0.]
 [0. 0. 0.]
 [0. 0. 0.]]","[[0. 0. 0.]
 [0. 0. 0.]
 [0. 0. 0.]]",0.0,0.0,0.0,0.0,0.0,0.11509050844074087,0.2849640988992744,1.0,0.15193566377763998,0.0
166564.0,0.0,0.0,"[[0. 0. 0.]
 [0. 0. 0.]
 [0. 0. 0.]]","[[0. 0. 0.]
 [0. 0. 0.]
 [0. 0. 0.]]",0.0,0.0,0.0,0.0,0.0,-0.09780224642289917,-0.30396938188237066,1.0,0.08231096303237502,0.0
166565.0,0.0,0.0,"[[0. 0. 0.]
 [0. 0. 0.]
 [0. 0. 0.]]","[[0. 0. 0.]
 [0. 0. 0.]
 [0. 0. 0.]]",0.0,0.0,0.0,0.0,0.0,0.08389392990493681,0.14899561951116777,1.0,0.06671646991381118,0.0
166566.0,0.0,0.0,"[[0. 0. 0.]
 [0. 0. 0.]
 [0. 0. 0.]]","[[0. 0. 0.]
 [0. 0. 0.]
 [0. 0. 0.]]",0.0,0.0,0.0,0.0,0.0,0.04051311293204646,0.06433482333608977,1.0,0.038502102766770144,0.0
166567.0,0.0,0.0,"[[0. 0. 0.]
 [0. 0. 0.]
 [0. 0. 0.]]","[[0. 0. 0.]
 [0. 0. 0.]
 [0. 0. 0.]]",0.0,0.0,0.0,0.0,0.0,0.005149021739227636,0.014549075826361607,1.0,0.0,0.0
166568.0,0.0,0.0,"[[0. 0. 0.]
 [0. 0. 0.]
 [0. 0. 0.]]","[[0. 0. 0.]
 [0. 0. 0.]
 [0. 0. 0.]]",0.0,0.0,0.0,0.0,0.0,0.0,0.0,0.0,0.0,0.7199930099430226
166569.0,0.0,0.0,"[[0. 0. 0.]
 [0. 0. 0.]
 [0. 0. 0.]]","[[0. 0. 0.]
 [0. 0. 0.]
 [0. 0. 0.]]",0.0,0.0,0.0,0.0,0.0,0.0,0.0,0.0,0.0,0.0
166570.0,24.470599999999997,1.5661184,"[[0. 0. 1.]
 [0. 0. 0.]
 [0. 0. 0.]]","[[0. 0. 0.]
 [0. 0. 0.]
 [0. 0. 0.]]",0.0,0.0,1.0,1.0,0.0,0.08264864025242799,1.0381991593948994,1.0,0.013243240800706326,0.0
166571.0,40.425000000000004,2.5872,"[[0. 0. 0.]
 [0. 1. 0.]
 [0. 0. 0.]]","[[0. 0. 0.]
 [0. 0. 0.]
 [0. 0. 0.]]",0.0,0.0,1.0,1.0,0.0,0.1187862386170086,1.5926858873768512,2.0,0.09779923748929066,0.0
166572.0,35.358399999999996,2.2629376,"[[2. 0. 0.]
 [0. 0. 0.]
 [0. 0. 0.]]","[[0. 0. 0.]
 [0. 0. 0.]
 [0. 0. 0.]]",2.0,0.0,2.0,2.0,0.0,0.3556029257645214,3.1298747114090086,4.0,0.15004736134806054,0.0
166573.0,25.6564,1.6420096000000002,"[[0. 0. 0.]
 [0. 0. 0.]
 [0. 1. 0.]]","[[0. 0. 0.]
 [0. 0. 0.]
 [0. 0. 0.]]",1.0,0.0,0.0,0.0,0.0,0.21813795484037413,0.9957561362553398,4.0,0.07830567548344214,0.0
166574.0,93.24699999999999,5.967807999999999,"[[0. 0. 0.]
 [0. 0. 1.]
 [3. 0. 0.]]","[[0. 0. 0.]
 [0. 0. 0.]
 [0. 0. 0.]]",2.0,0.0,2.0,2.0,0.0,0.7964131202928272,2.6313489494474944,8.0,0.08398949229590101,0.0
166575.0,18.002599999999997,1.1521663999999998,"[[0. 0. 0.]
 [0. 0. 0.]
 [0. 0. 1.]]","[[0. 0. 0.]
 [0. 0. 0.]
 [0. 0. 0.]]",1.0,0.0,1.0,1.0,0.0,0.7933851178262452,2.540736501326768,6.0,0.08799243566353603,0.0
166576.0,18.325999999999993,1.1728639999999997,"[[0. 0. 0.]
 [0. 0. 1.]
 [0. 0. 0.]]","[[0. 0. 0.]
 [0. 0. 1.]
 [0. 0. 0.]]",0.0,0.0,0.0,0.0,0.0,0.28608721715167684,0.9308133697246957,5.0,0.5426059234501303,0.0
166577.0,47.21639999999999,3.0218495999999995,"[[1. 0. 0.]
 [0. 0. 0.]
 [1. 0. 0.]]","[[0. 0. 0.]
 [0. 0. 0.]
 [1. 0. 0.]]",1.0,0.0,1.0,1.0,0.0,0.44243217995098716,1.444452581103983,5.0,1.176113466708599,0.0
166578.0,60.907,3.8980479999999997,"[[1. 0. 0.]
 [0. 1. 0.]
 [0. 0. 0.]]","[[1. 0. 0.]
 [0. 1. 0.]
 [0. 0. 0.]]",0.0,0.0,0.0,0.0,0.0,-0.0810992999903963,-0.2658110656485229,6.0,1.8015730047160121,0.0
166579.0,100.66919999999999,6.442828799999999,"[[0. 0. 0.]
 [0. 1. 0.]
 [0. 2. 0.]]","[[0. 0. 0.]
 [0. 1. 0.]
 [0. 0. 0.]]",1.0,1.0,0.0,1.0,0.0,-0.348937480163063,-1.2553374786346325,8.0,2.1193855130911397,0.0
166580.0,0.0,0.0,"[[0. 0. 0.]
 [0. 0. 0.]
 [0. 0. 0.]]","[[0. 0. 0.]
 [0. 0. 0.]
 [0. 0. 0.]]",0.0,0.0,0.0,0.0,0.0,0.1316589103693293,0.15061779346251272,6.0,1.91596691034814,0.0
166581.0,3.126199999999999,0.20007679999999994,"[[1. 0. 0.]
 [0. 0. 0.]
 [0. 0. 0.]]","[[0. 0. 0.]
 [0. 0. 0.]
 [0. 0. 0.]]",1.0,0.0,1.0,1.0,0.0,0.30007555035353894,1.1184415912777104,7.0,1.7516616159055332,0.0
166582.0,44.84479999999999,2.8700671999999994,"[[0. 0. 0.]
 [0. 0. 0.]
 [0. 0. 1.]]","[[0. 0. 0.]
 [0. 1. 0.]
 [0. 0. 0.]]",0.0,0.0,0.0,0.0,0.0,0.25877996620196586,0.80035467946944,7.0,1.8205430606188324,0.0
166583.0,0.0,0.0,"[[0. 0. 0.]
 [0. 0. 0.]
 [0. 0. 0.]]","[[0. 0. 0.]
 [0. 0. 0.]
 [0. 0. 0.]]",0.0,0.0,0.0,0.0,0.0,0.6628960210180188,1.386248159152881,7.0,1.7333855394604378,0.0
166584.0,0.0,0.0,"[[0. 0. 0.]
 [0. 0. 0.]
 [0. 0. 0.]]","[[0. 0. 0.]
 [0. 0. 0.]
 [0. 0. 0.]]",0.0,0.0,0.0,0.0,0.0,0.37796244400367623,0.3274666614847851,7.0,1.5633382504433255,0.0
166585.0,0.0,0.0,"[[0. 0. 0.]
 [0. 0. 0.]
 [0. 0. 0.]]","[[0. 0. 0.]
 [0. 0. 0.]
 [0. 0. 0.]]",0.0,0.0,0.0,0.0,0.0,-0.19501261683173066,-0.6362091611518381,7.0,1.2242681306200003,0.0
166586.0,0.0,0.0,"[[0. 0. 0.]
 [0. 0. 0.]
 [0. 0. 0.]]","[[0. 0. 0.]
 [0. 0. 0.]
 [0. 0. 0.]]",0.0,0.0,0.0,0.0,0.0,-0.01706807545710509,-0.044923174603100594,7.0,0.9380033934860336,0.0
166587.0,0.0,0.0,"[[0. 0. 0.]
 [0. 0. 0.]
 [0. 0. 0.]]","[[0. 0. 0.]
 [0. 0. 0.]
 [0. 0. 0.]]",0.0,0.0,0.0,0.0,0.0,0.036263926118612205,0.11830743256936045,7.0,0.6656892595626266,0.0
166588.0,0.0,0.0,"[[0. 0. 0.]
 [0. 0. 0.]
 [0. 0. 0.]]","[[0. 0. 0.]
 [0. 0. 0.]
 [0. 0. 0.]]",0.0,0.0,0.0,0.0,0.0,0.5823011894458043,1.5531137324898494,7.0,0.5550859692195879,0.0
166589.0,0.0,0.0,"[[0. 0. 0.]
 [0. 0. 0.]
 [0. 0. 0.]]","[[0. 0. 0.]
 [0. 0. 0.]
 [0. 0. 0.]]",0.0,0.0,0.0,0.0,0.0,0.5311462982892989,2.031953278735542,7.0,0.4296012559946567,0.0
166590.0,41.9342,2.6837888,"[[1. 0. 0.]
 [0. 0. 0.]
 [0. 0. 0.]]","[[0. 0. 0.]
 [0. 0. 0.]
 [0. 0. 0.]]",0.0,0.0,1.0,1.0,0.0,0.5465724600454209,2.697881662784198,7.0,0.3530041534624156,0.5866750937477829
166591.0,92.8158,5.9402112,"[[0. 0. 0.]
 [0. 0. 0.]
 [0. 3. 0.]]","[[0. 0. 0.]
 [0. 2. 0.]
 [0. 0. 0.]]",1.0,0.0,0.0,0.0,0.0,0.6370039514164291,-1.1150117165593174,10.0,0.7136868564574022,0.0
166592.0,0.0,0.0,"[[0. 0. 0.]
 [0. 0. 0.]
 [0. 0. 0.]]","[[0. 0. 0.]
 [0. 0. 0.]
 [0. 0. 0.]]",0.0,0.0,0.0,0.0,0.0,0.350234566013147,1.3513450495051236,8.0,0.4931770888645498,2.03996232586225
166593.0,36.54419999999999,2.3388287999999995,"[[0. 0. 0.]
 [0. 0. 1.]
 [1. 0. 0.]]","[[0. 0. 0.]
 [0. 0. 0.]
 [0. 0. 0.]]",1.0,0.0,1.0,1.0,0.0,0.7477955342377802,3.0210939583206327,8.0,0.41511760791554053,0.9200015193615496
166594.0,85.80879999999998,5.4917631999999985,"[[0. 0. 0.]
 [0. 0. 0.]
 [1. 2. 1.]]","[[1. 0. 0.]
 [0. 0. 0.]
 [0. 0. 0.]]",3.0,0.0,0.0,0.0,0.0,0.21395534868538363,2.7254488136938892,10.0,0.35491181447655934,0.9200015193615496
166595.0,25.764199999999995,1.6489087999999998,"[[1. 0. 0.]
 [0. 0. 0.]
 [0. 0. 0.]]","[[0. 0. 0.]
 [0. 0. 0.]
 [0. 0. 0.]]",1.0,0.0,1.0,1.0,0.0,0.5520007740531043,3.626424285219274,8.0,0.21895831786926798,0.0
166596.0,0.0,0.0,"[[0. 0. 0.]
 [0. 0. 0.]
 [0. 0. 0.]]","[[0. 0. 0.]
 [0. 0. 0.]
 [0. 0. 0.]]",0.0,0.0,0.0,0.0,0.0,0.7474167613601357,2.883832832031941,6.0,0.19638864844676207,0.853411894727959
166597.0,40.748400000000004,2.6078976000000003,"[[0. 0. 0.]
 [0. 0. 0.]
 [0. 0. 1.]]","[[0. 0. 0.]
 [0. 0. 0.]
 [0. 0. 0.]]",1.0,0.0,1.0,1.0,0.0,0.5742880408711126,2.746475126662009,6.0,0.1322542603365403,0.0
166598.0,46.4618,2.9735552,"[[2. 0. 0.]
 [0. 0. 0.]
 [0. 0. 0.]]","[[2. 0. 0.]
 [0. 0. 0.]
 [0. 0. 0.]]",0.0,0.0,0.0,0.0,0.0,-0.0004178613254449959,-0.0027451817636434447,6.0,1.3152850277782477,0.0
166599.0,0.0,0.0,"[[0. 0. 0.]
 [0. 0. 0.]
 [0. 0. 0.]]","[[0. 0. 0.]
 [0. 0. 0.]
 [0. 0. 0.]]",0.0,0.0,0.0,0.0,0.0,0.18941323385826428,2.4208526592957025,6.0,1.127643127404986,0.0
166600.0,156.72519999999997,10.030412799999999,"[[1. 2. 0.]
 [0. 0. 1.]
 [0. 0. 2.]]","[[0. 0. 0.]
 [0. 0. 0.]
 [0. 1. 1.]]",1.0,1.0,3.0,4.0,0.0,0.28743209601604924,2.5243436400513506,11.0,2.1464204807846574,0.9200015193615496
166601.0,24.039399999999993,1.5385215999999997,"[[0. 0. 0.]
 [0. 0. 0.]
 [0. 1. 0.]]","[[0. 0. 0.]
 [0. 0. 0.]
 [0. 1. 0.]]",0.0,0.0,0.0,0.0,0.0,-0.09256026887466706,-1.3741127276057565,8.0,2.26534591875301,1.5066766131093325
166602.0,63.602000000000004,4.070528,"[[0. 1. 0.]
 [0. 0. 0.]
 [0. 1. 0.]]","[[0. 1. 0.]
 [0. 0. 0.]
 [0. 0. 0.]]",1.0,0.0,0.0,0.0,0.0,-0.4578361378357465,-1.7306206010191219,8.0,2.129559972964528,0.0
166603.0,61.122600000000006,3.9118464000000004,"[[0. 0. 0.]
 [0. 0. 0.]
 [0. 0. 1.]]","[[0. 0. 0.]
 [0. 0. 0.]
 [0. 0. 0.]]",0.0,1.0,0.0,1.0,0.0,-0.3607123636182602,-1.880032839178372,9.0,1.8717350880467,0.0
166604.0,0.0,0.0,"[[0. 0. 0.]
 [0. 0. 0.]
 [0. 0. 0.]]","[[0. 0. 0.]
 [0. 0. 0.]
 [0. 0. 0.]]",0.0,0.0,0.0,0.0,0.0,-0.08431052296558356,-0.31781694737106303,9.0,1.4843510566685822,0.0
166605.0,0.0,0.0,"[[0. 0. 0.]
 [0. 0. 0.]
 [0. 0. 0.]]","[[0. 0. 0.]
 [0. 0. 0.]
 [0. 0. 0.]]",0.0,0.0,0.0,0.0,0.0,-0.03882840962154652,-0.11434190065353018,8.0,1.1524515088232368,0.0
166606.0,0.0,0.0,"[[0. 0. 0.]
 [0. 0. 0.]
 [0. 0. 0.]]","[[0. 0. 0.]
 [0. 0. 0.]
 [0. 0. 0.]]",0.0,0.0,0.0,0.0,0.0,0.43317940426272983,1.460680951173925,8.0,0.9584673355178489,0.0
166607.0,0.0,0.0,"[[0. 0. 0.]
 [0. 0. 0.]
 [0. 0. 0.]]","[[0. 0. 0.]
 [0. 0. 0.]
 [0. 0. 0.]]",0.0,0.0,0.0,0.0,0.0,0.3466772954936491,1.226682942374728,8.0,0.7393189123887288,0.0
166608.0,0.0,0.0,"[[0. 0. 0.]
 [0. 0. 0.]
 [0. 0. 0.]]","[[0. 0. 0.]
 [0. 0. 0.]
 [0. 0. 0.]]",0.0,0.0,0.0,0.0,0.0,0.9287091830599402,1.763804480467431,8.0,0.6894888565516206,0.0
166609.0,0.0,0.0,"[[0. 0. 0.]
 [0. 0. 0.]
 [0. 0. 0.]]","[[0. 0. 0.]
 [0. 0. 0.]
 [0. 0. 0.]]",0.0,0.0,0.0,0.0,0.0,0.8402564204730499,3.196335423479475,8.0,0.6139270879619625,0.0
166610.0,0.0,0.0,"[[0. 0. 0.]
 [0. 0. 0.]
 [0. 0. 0.]]","[[0. 0. 0.]
 [0. 0. 0.]
 [0. 0. 0.]]",0.0,0.0,0.0,0.0,0.0,0.8994435466803805,3.227923000326549,8.0,0.5555833924508005,0.0
166611.0,0.0,0.0,"[[0. 0. 0.]
 [0. 0. 0.]
 [0. 0. 0.]]","[[0. 0. 0.]
 [0. 0. 0.]
 [0. 0. 0.]]",0.0,0.0,0.0,0.0,0.0,0.8395994494003203,3.231450360851953,8.0,0.47983050500362096,0.0
166612.0,0.0,0.0,"[[0. 0. 0.]
 [0. 0. 0.]
 [0. 0. 0.]]","[[0. 0. 0.]
 [0. 0. 0.]
 [0. 0. 0.]]",0.0,0.0,0.0,0.0,0.0,0.8255826390500529,3.151744282837482,8.0,0.4,0.0
166613.0,0.0,0.0,"[[0. 0. 0.]
 [0. 0. 0.]
 [0. 0. 0.]]","[[0. 0. 0.]
 [0. 0. 0.]
 [0. 0. 0.]]",0.0,0.0,0.0,0.0,0.0,0.5499999999999999,1.9940799999999999,6.0,0.32,1.840104007312796
166614.0,35.8974,2.2974335999999997,"[[0. 1. 0.]
 [0. 0. 0.]
 [0. 0. 0.]]","[[0. 0. 0.]
 [0. 0. 0.]
 [0. 0. 0.]]",0.0,0.0,1.0,1.0,0.0,0.4491827901601789,1.6964735618769637,6.0,0.3174713571375067,0.0
166615.0,45.81499999999999,2.9321599999999997,"[[1. 0. 0.]
 [1. 0. 0.]
 [0. 0. 0.]]","[[1. 0. 0.]
 [1. 0. 0.]
 [0. 0. 0.]]",0.0,0.0,0.0,0.0,0.0,-0.11125554271042357,-0.4278443150472049,6.0,0.6321222850961834,2.306800095432123
166616.0,77.6,4.9664,"[[0. 1. 0.]
 [0. 0. 0.]
 [0. 0. 0.]]","[[0. 0. 0.]
 [0. 0. 0.]
 [0. 0. 0.]]",0.0,1.0,1.0,1.0,0.0,0.08173002508940605,0.7128165868197631,5.0,0.48685702295916533,0.5866750937477829
166617.0,51.95960000000001,3.3254144000000005,"[[0. 1. 0.]
 [0. 0. 0.]
 [0. 0. 0.]]","[[0. 0. 0.]
 [0. 0. 0.]
 [0. 0. 0.]]",0.0,0.0,1.0,1.0,0.0,0.07093982855470274,0.4454453714606888,6.0,0.3122463618118261,0.0
166618.0,0.0,0.0,"[[0. 0. 0.]
 [0. 0. 0.]
 [0. 0. 0.]]","[[0. 0. 0.]
 [0. 0. 0.]
 [0. 0. 0.]]",0.0,0.0,0.0,0.0,0.0,0.5521482767029076,2.8870729092241634,6.0,0.23287131503449005,0.0
166619.0,17.6792,1.1314688000000002,"[[0. 0. 0.]
 [0. 1. 0.]
 [0. 0. 0.]]","[[0. 0. 0.]
 [0. 0. 0.]
 [0. 0. 0.]]",1.0,0.0,1.0,1.0,0.0,0.7853500776988922,3.0201422587988604,7.0,0.27573679218325886,0.0
166620.0,40.5328,2.5940992,"[[0. 1. 0.]
 [0. 0. 0.]
 [1. 0. 0.]]","[[0. 0. 0.]
 [0. 0. 0.]
 [0. 0. 0.]]",1.0,0.0,1.0,1.0,0.0,0.5290367841097616,2.0467375103638457,7.0,0.19923840210609856,0.5866750937477829
166621.0,111.24959999999999,7.119974399999999,"[[0. 0. 3.]
 [1. 1. 0.]
 [0. 0. 0.]]","[[0. 0. 0.]
 [0. 0. 0.]
 [0. 0. 0.]]",2.0,0.0,4.0,4.0,0.0,1.4203302567055787,3.7780784828368397,12.0,0.2796253858749943,0.0
166622.0,0.0,0.0,"[[0. 0. 0.]
 [0. 0. 0.]
 [0. 0. 0.]]","[[0. 0. 0.]
 [0. 0. 0.]
 [0. 0. 0.]]",0.0,0.0,0.0,0.0,0.0,0.8312282798195726,2.989096894231183,10.0,0.12143724909523364,0.0
166623.0,85.05420000000001,5.443468800000001,"[[0. 0. 0.]
 [0. 0. 0.]
 [0. 2. 1.]]","[[0. 0. 0.]
 [0. 0. 0.]
 [0. 0. 0.]]",2.0,0.0,1.0,1.0,0.0,0.7081741141540951,2.7307193841781907,9.0,0.051851536849152245,0.0
166624.0,50.7738,3.2495232,"[[0. 0. 0.]
 [0. 1. 0.]
 [1. 0. 0.]]","[[0. 0. 0.]
 [1. 0. 0.]
 [0. 0. 0.]]",1.0,0.0,1.0,1.0,0.0,0.3332434609370016,1.5734423251601468,6.0,0.31914140891475895,0.7199930099430226
166625.0,95.2952,6.0988928,"[[0. 1. 0.]
 [1. 0. 1.]
 [0. 0. 1.]]","[[0. 0. 0.]
 [1. 0. 0.]
 [0. 0. 0.]]",1.0,0.0,3.0,3.0,0.0,0.39840804541110975,1.599369257498359,9.0,0.6382381626646692,0.5866750937477829
166626.0,72.76499999999999,4.656959999999999,"[[0. 0. 1.]
 [0. 0. 1.]
 [0. 0. 0.]]","[[0. 0. 0.]
 [0. 0. 1.]
 [0. 0. 0.]]",0.0,0.0,1.0,1.0,0.0,0.15794368616864074,0.7106202328099485,8.0,1.0096641249284657,0.0
166627.0,75.35220000000001,4.8225408000000005,"[[1. 1. 0.]
 [0. 0. 0.]
 [0. 0. 0.]]","[[1. 1. 0.]
 [0. 0. 0.]
 [0. 0. 0.]]",0.0,0.0,0.0,0.0,0.0,-0.09788753913569904,-0.40235694086337737,9.0,1.455465650312374,0.0
166628.0,33.2024,2.1249536,"[[0. 1. 0.]
 [0. 0. 0.]
 [0. 0. 0.]]","[[0. 1. 0.]
 [0. 0. 0.]
 [0. 0. 0.]]",0.0,0.0,0.0,0.0,0.0,0.2287210043365142,0.7386773556052044,8.0,1.5965982403200265,0.0
166629.0,66.297,4.243008,"[[1. 0. 0.]
 [0. 0. 0.]
 [0. 0. 0.]]","[[0. 0. 0.]
 [0. 0. 0.]
 [0. 0. 0.]]",0.0,1.0,0.0,1.0,0.0,0.8496108122104538,0.33304743838649786,8.0,1.7577577493267043,0.0
166630.0,0.0,0.0,"[[0. 0. 0.]
 [0. 0. 0.]
 [0. 0. 0.]]","[[0. 0. 0.]
 [0. 0. 0.]
 [0. 0. 0.]]",0.0,0.0,0.0,0.0,0.0,1.060766932661604,1.154114422735825,8.0,1.7463444933737164,0.0
166631.0,0.0,0.0,"[[0. 0. 0.]
 [0. 0. 0.]
 [0. 0. 0.]]","[[0. 0. 0.]
 [0. 0. 0.]
 [0. 0. 0.]]",0.0,0.0,0.0,0.0,0.0,0.17601936052849187,0.46990128486686183,8.0,1.4757111214099001,0.0
166632.0,0.0,0.0,"[[0. 0. 0.]
 [0. 0. 0.]
 [0. 0. 0.]]","[[0. 0. 0.]
 [0. 0. 0.]
 [0. 0. 0.]]",0.0,0.0,0.0,0.0,0.0,0.5358193770024903,2.0339703551014527,7.0,1.35158584926517,0.0
166633.0,0.0,0.0,"[[0. 0. 0.]
 [0. 0. 0.]
 [0. 0. 0.]]","[[0. 0. 0.]
 [0. 0. 0.]
 [0. 0. 0.]]",0.0,0.0,0.0,0.0,0.0,0.2659595027714968,1.018305744211507,7.0,1.1489558864350597,0.0
166634.0,0.0,0.0,"[[0. 0. 0.]
 [0. 0. 0.]
 [0. 0. 0.]]","[[0. 0. 0.]
 [0. 0. 0.]
 [0. 0. 0.]]",0.0,0.0,0.0,0.0,0.0,0.39455115992209006,1.4999256895598176,7.0,0.9837344056851224,0.0
166635.0,0.0,0.0,"[[0. 0. 0.]
 [0. 0. 0.]
 [0. 0. 0.]]","[[0. 0. 0.]
 [0. 0. 0.]
 [0. 0. 0.]]",0.0,0.0,0.0,0.0,0.0,0.6124573750495912,2.328807922888566,7.0,0.8819038238813671,0.0
166636.0,0.0,0.0,"[[0. 0. 0.]
 [0. 0. 0.]
 [0. 0. 0.]]","[[0. 0. 0.]
 [0. 0. 0.]
 [0. 0. 0.]]",0.0,0.0,0.0,0.0,0.0,0.5821314237693876,1.907062544268514,7.0,0.7712511471597344,0.0
166637.0,0.0,0.0,"[[0. 0. 0.]
 [0. 0. 0.]
 [0. 0. 0.]]","[[0. 0. 0.]
 [0. 0. 0.]
 [0. 0. 0.]]",0.0,0.0,0.0,0.0,0.0,0.2902122239789098,1.0436031574281595,6.0,0.6156765214081446,0.7199930099430226
166638.0,37.08319999999999,2.3733247999999993,"[[0. 0. 0.]
 [0. 1. 0.]
 [0. 1. 0.]]","[[0. 0. 0.]
 [0. 1. 0.]
 [0. 0. 0.]]",1.0,0.0,0.0,0.0,0.0,0.39863383891983906,-1.356949587683132,8.0,0.8340427290939161,0.0
166639.0,151.35119999999998,9.6864768,"[[0. 0. 0.]
 [1. 1. 1.]
 [0. 0. 1.]]","[[1. 0. 0.]
 [0. 0. 0.]
 [0. 0. 0.]]",1.0,1.0,2.0,2.0,0.0,1.0102491263487066,4.283456295718516,11.0,1.0063333840317217,0.78668360316631
166640.0,50.0192,3.2012288,"[[0. 1. 0.]
 [0. 1. 1.]
 [0. 0. 0.]]","[[0. 0. 0.]
 [0. 0. 0.]
 [0. 0. 0.]]",1.0,0.0,3.0,3.0,0.0,-0.062377793686104105,-0.7840639155168543,12.0,0.6795120105718717,0.7199930099430226
166641.0,78.2628,5.0088192,"[[1. 0. 1.]
 [0. 0. 0.]
 [0. 0. 0.]]","[[0. 0. 0.]
 [0. 0. 0.]
 [0. 0. 0.]]",0.0,1.0,2.0,2.0,0.0,0.5268322107379638,2.2396690942892317,11.0,0.4208409146612175,0.78668360316631
166642.0,0.0,0.0,"[[0. 0. 0.]
 [0. 0. 0.]
 [0. 0. 0.]]","[[0. 0. 0.]
 [0. 0. 0.]
 [0. 0. 0.]]",0.0,0.0,0.0,0.0,0.0,0.7907511893212794,3.0763384269355054,8.0,0.3308776242819534,0.0
166643.0,0.0,0.0,"[[0. 0. 0.]
 [0. 0. 0.]
 [0. 0. 0.]]","[[0. 0. 0.]
 [0. 0. 0.]
 [0. 0. 0.]]",0.0,0.0,0.0,0.0,0.0,0.7627302021716986,3.4908635892994297,6.0,0.31276277400462943,1.7066359002484832
166644.0,120.9516,7.7409024,"[[0. 1. 0.]
 [0. 1. 0.]
 [2. 0. 0.]]","[[1. 0. 0.]
 [0. 0. 0.]
 [0. 0. 0.]]",1.0,1.0,2.0,2.0,0.0,0.8485125210768583,4.250029515569768,9.0,0.47080278013607907,0.0
166645.0,2.9105999999999987,0.18627839999999993,"[[0. 1. 0.]
 [0. 0. 0.]
 [0. 0. 0.]]","[[0. 0. 0.]
 [0. 0. 0.]
 [0. 0. 0.]]",0.0,0.0,1.0,1.0,0.0,0.9130279369570505,4.131268809143262,10.0,0.3656109072508575,0.0
166646.0,45.922799999999995,2.9390591999999995,"[[0. 0. 0.]
 [0. 0. 0.]
 [1. 0. 0.]]","[[0. 0. 0.]
 [0. 0. 0.]
 [0. 0. 0.]]",0.0,0.0,1.0,1.0,0.0,0.026346238199691813,0.4367784753697707,5.0,0.19969519726614351,0.5866750937477829
166647.0,19.94299999999999,1.2763519999999995,"[[1. 0. 0.]
 [2. 0. 0.]
 [0. 0. 0.]]","[[0. 0. 0.]
 [0. 0. 0.]
 [0. 0. 0.]]",3.0,0.0,1.0,1.0,0.0,0.8614809637837548,3.3018842379903686,8.0,0.21630784127596314,0.0
166648.0,133.54819999999998,8.547084799999999,"[[1. 0. 0.]
 [0. 0. 0.]
 [1. 0. 1.]]","[[1. 0. 0.]
 [0. 0. 0.]
 [0. 0. 0.]]",0.0,1.0,1.0,2.0,0.0,0.13017797631590233,0.6203761639310641,8.0,0.9959911380576476,0.0
166649.0,93.78599999999999,6.002304,"[[0. 0. 1.]
 [1. 0. 0.]
 [1. 0. 0.]]","[[0. 0. 1.]
 [0. 0. 0.]
 [0. 0. 0.]]",2.0,0.0,0.0,0.0,0.0,0.22625251364230134,4.065667169146698,10.0,1.3109967193500671,0.0
166650.0,120.52040000000001,7.713305600000001,"[[0. 0. 1.]
 [1. 0. 1.]
 [0. 0. 0.]]","[[0. 0. 0.]
 [1. 0. 0.]
 [0. 0. 0.]]",0.0,1.0,1.0,2.0,0.0,1.1320807659433259,0.5932103213542936,12.0,2.033025780463009,0.9200015193615496
166651.0,0.0,0.0,"[[0. 0. 0.]
 [0. 0. 0.]
 [0. 0. 0.]]","[[0. 0. 0.]
 [0. 0. 0.]
 [0. 0. 0.]]",0.0,0.0,0.0,0.0,0.0,0.8322678411261168,1.618594497422072,8.0,1.9551400615178796,0.5866750937477829
166652.0,45.81499999999999,2.9321599999999997,"[[0. 0. 0.]
 [0. 0. 1.]
 [0. 0. 1.]]","[[0. 0. 0.]
 [0. 1. 0.]
 [0. 0. 1.]]",0.0,0.0,0.0,0.0,0.0,1.0654622094340531,3.4120361794916123,9.0,2.8550927042623315,0.0
166653.0,46.785199999999996,2.9942528,"[[0. 1. 0.]
 [0. 0. 0.]
 [0. 0. 0.]]","[[0. 1. 0.]
 [0. 0. 0.]
 [0. 0. 0.]]",0.0,0.0,0.0,0.0,0.0,-0.22223906881302993,-0.49141502895937184,10.0,2.7305082580706244,0.0
166654.0,0.0,0.0,"[[0. 0. 0.]
 [0. 0. 0.]
 [0. 0. 0.]]","[[0. 0. 0.]
 [0. 0. 0.]
 [0. 0. 0.]]",0.0,0.0,0.0,0.0,0.0,0.57851800156327,0.8756448471661655,8.0,2.5771550911935996,0.0
166655.0,0.0,0.0,"[[0. 0. 0.]
 [0. 0. 0.]
 [0. 0. 0.]]","[[0. 0. 0.]
 [0. 0. 0.]
 [0. 0. 0.]]",0.0,0.0,0.0,0.0,0.0,-0.08215899379794026,-0.270401680387781,8.0,2.2304625394325432,0.0
166656.0,0.0,0.0,"[[0. 0. 0.]
 [0. 0. 0.]
 [0. 0. 0.]]","[[0. 0. 0.]
 [0. 0. 0.]
 [0. 0. 0.]]",0.0,0.0,0.0,0.0,0.0,0.22821928499097527,0.6096193540678931,8.0,1.976292469383238,0.0
166657.0,0.0,0.0,"[[0. 0. 0.]
 [0. 0. 0.]
 [0. 0. 0.]]","[[0. 0. 0.]
 [0. 0. 0.]
 [0. 0. 0.]]",0.0,0.0,0.0,0.0,0.0,-0.10157334347004068,-0.35973215323349605,8.0,1.6252740160567507,0.0
166658.0,0.0,0.0,"[[0. 0. 0.]
 [0. 0. 0.]
 [0. 0. 0.]]","[[0. 0. 0.]
 [0. 0. 0.]
 [0. 0. 0.]]",0.0,0.0,0.0,0.0,0.0,-0.05523580845847605,-0.1817920927985364,8.0,1.2883026267667643,0.0
166659.0,0.0,0.0,"[[0. 0. 0.]
 [0. 0. 0.]
 [0. 0. 0.]]","[[0. 0. 0.]
 [0. 0. 0.]
 [0. 0. 0.]]",0.0,0.0,0.0,0.0,0.0,0.16908775834246612,0.5485206880629587,8.0,1.0165033970707702,0.0
166660.0,0.0,0.0,"[[0. 0. 0.]
 [0. 0. 0.]
 [0. 0. 0.]]","[[0. 0. 0.]
 [0. 0. 0.]
 [0. 0. 0.]]",0.0,0.0,0.0,0.0,0.0,0.29107710853777424,0.5525807828481106,8.0,0.7808000206407361,0.0
166661.0,0.0,0.0,"[[0. 0. 0.]
 [0. 0. 0.]
 [0. 0. 0.]]","[[0. 0. 0.]
 [0. 0. 0.]
 [0. 0. 0.]]",0.0,0.0,0.0,0.0,0.0,0.5211310318998299,1.7105604991080015,8.0,0.6120568345029538,0.0
166662.0,0.0,0.0,"[[0. 0. 0.]
 [0. 0. 0.]
 [0. 0. 0.]]","[[0. 0. 0.]
 [0. 0. 0.]
 [0. 0. 0.]]",0.0,0.0,0.0,0.0,0.0,0.5762257290820338,1.9167572652184772,8.0,0.4596861375086364,0.0
166663.0,48.6178,3.1115392,"[[0. 0. 0.]
 [0. 1. 0.]
 [0. 0. 1.]]","[[1. 0. 0.]
 [0. 0. 0.]
 [0. 0. 0.]]",0.0,0.0,1.0,1.0,0.0,0.26074571218264314,0.4297089336769959,8.0,0.47270889686879486,1.3066681036908054
166664.0,20.80539999999999,1.3315455999999994,"[[0. 0. 0.]
 [0. 0. 0.]
 [0. 1. 1.]]","[[0. 0. 0.]
 [0. 0. 0.]
 [0. 0. 0.]]",2.0,0.0,1.0,1.0,0.0,0.9179473466487248,-4.04557754615026,9.0,0.42254812498478755,0.9200015193615496
166665.0,71.4714,4.5741696,"[[1. 0. 0.]
 [0. 0. 1.]
 [0. 0. 0.]]","[[0. 0. 0.]
 [0. 0. 0.]
 [0. 0. 0.]]",1.0,0.0,2.0,2.0,0.0,0.7686107729503742,2.522888001132308,10.0,0.30094398620671464,0.0
166666.0,94.10940000000002,6.0230016000000015,"[[0. 0. 1.]
 [1. 0. 0.]
 [1. 0. 0.]]","[[0. 0. 0.]
 [0. 0. 0.]
 [0. 0. 0.]]",1.0,0.0,2.0,2.0,0.0,0.8180637910977756,3.33181020838302,9.0,0.22972617998061295,0.78668360316631
166667.0,136.0436,8.706790400000001,"[[1. 0. 0.]
 [1. 0. 1.]
 [0. 1. 4.]]","[[0. 0. 0.]
 [0. 0. 0.]
 [0. 0. 0.]]",7.0,0.0,6.0,6.0,0.0,0.6702438812304516,2.6825841102367596,15.0,0.07990235126691415,0.0
166668.0,65.54239999999999,4.194713599999999,"[[0. 1. 0.]
 [0. 1. 0.]
 [1. 0. 0.]]","[[0. 1. 0.]
 [0. 0. 0.]
 [0. 0. 0.]]",1.0,0.0,1.0,1.0,0.0,1.4074307013183494,5.2818059359074905,15.0,1.045152787489566,1.253379691285637
166669.0,0.0,0.0,"[[0. 0. 0.]
 [0. 0. 0.]
 [0. 0. 0.]]","[[0. 0. 0.]
 [0. 0. 0.]
 [0. 0. 0.]]",0.0,0.0,0.0,0.0,0.0,0.711314867556095,2.669422434964508,7.0,0.9711294237566049,1.5733179840532436
166670.0,37.191,2.380224,"[[0. 0. 0.]
 [0. 2. 0.]
 [0. 0. 0.]]","[[0. 0. 0.]
 [0. 1. 0.]
 [0. 0. 0.]]",1.0,0.0,1.0,1.0,0.0,0.325979903974318,1.2436785296428152,6.0,1.446064489895507,0.0
166671.0,68.99199999999999,4.415488,"[[0. 0. 1.]
 [2. 0. 0.]
 [0. 0. 0.]]","[[0. 0. 0.]
 [0. 0. 0.]
 [0. 0. 0.]]",1.0,0.0,2.0,2.0,0.0,0.5273949149109034,1.9100134238413278,6.0,1.4634884651423155,0.0
166672.0,21.559999999999995,1.3798399999999997,"[[0. 0. 0.]
 [0. 0. 0.]
 [0. 1. 0.]]","[[0. 0. 0.]
 [0. 0. 0.]
 [0. 1. 0.]]",0.0,0.0,0.0,0.0,0.0,0.03267638893476063,0.1174258712759558,5.0,1.9496956981688405,0.0
166673.0,14.229599999999998,0.9106943999999999,"[[0. 0. 0.]
 [0. 1. 0.]
 [0. 0. 0.]]","[[0. 0. 0.]
 [0. 0. 0.]
 [0. 0. 0.]]",1.0,0.0,1.0,1.0,0.0,0.18138896822246062,1.0144722214745778,6.0,1.7865620001004914,0.0
166674.0,0.0,0.0,"[[0. 0. 0.]
 [0. 0. 0.]
 [0. 0. 0.]]","[[0. 0. 0.]
 [0. 0. 0.]
 [0. 0. 0.]]",0.0,0.0,0.0,0.0,0.0,0.5083104959932562,2.075940065636458,5.0,1.7344341443894387,0.0
166675.0,50.12700000000001,3.2081280000000008,"[[0. 0. 0.]
 [0. 0. 0.]
 [0. 0. 1.]]","[[0. 0. 1.]
 [0. 0. 0.]
 [0. 0. 0.]]",0.0,0.0,0.0,0.0,0.0,-0.00701083161440047,-0.025513818411126193,5.0,2.744134976800144,0.0
166676.0,0.0,0.0,"[[0. 0. 0.]
 [0. 0. 0.]
 [0. 0. 0.]]","[[0. 0. 0.]
 [0. 0. 0.]
 [0. 0. 0.]]",0.0,0.0,0.0,0.0,0.0,-0.23037168455123905,-0.7757075362209321,4.0,2.5143544506402145,0.0
166677.0,0.0,0.0,"[[0. 0. 0.]
 [0. 0. 0.]
 [0. 0. 0.]]","[[0. 0. 0.]
 [0. 0. 0.]
 [0. 0. 0.]]",0.0,0.0,0.0,0.0,0.0,-0.04412030394296205,-0.13656116476425578,4.0,2.3409154426286385,0.0
166678.0,66.7282,4.2706048,"[[0. 1. 0.]
 [0. 0. 0.]
 [0. 0. 0.]]","[[0. 0. 0.]
 [0. 0. 0.]
 [0. 0. 0.]]",0.0,1.0,0.0,1.0,0.0,0.14845676851272582,0.4595033899005878,5.0,2.4165028661959775,0.0
166679.0,0.0,0.0,"[[0. 0. 0.]
 [0. 0. 0.]
 [0. 0. 0.]]","[[0. 0. 0.]
 [0. 0. 0.]
 [0. 0. 0.]]",0.0,0.0,0.0,0.0,0.0,-0.08480884742736816,-0.3015124143737793,5.0,2.190813919188331,0.0
166680.0,0.0,0.0,"[[0. 0. 0.]
 [0. 0. 0.]
 [0. 0. 0.]]","[[0. 0. 0.]
 [0. 0. 0.]
 [0. 0. 0.]]",0.0,0.0,0.0,0.0,0.0,0.4703091768897799,1.5719613928364005,5.0,2.1276311342835394,0.0
166681.0,0.0,0.0,"[[0. 0. 0.]
 [0. 0. 0.]
 [0. 0. 0.]]","[[0. 0. 0.]
 [0. 0. 0.]
 [0. 0. 0.]]",0.0,0.0,0.0,0.0,0.0,0.5183796851601972,1.8313317517339445,5.0,2.0784324972392336,0.0
166682.0,0.0,0.0,"[[0. 0. 0.]
 [0. 0. 0.]
 [0. 0. 0.]]","[[0. 0. 0.]
 [0. 0. 0.]
 [0. 0. 0.]]",0.0,0.0,0.0,0.0,0.0,0.4238836147451247,1.6663712662860344,5.0,2.001744094255997,0.0
166683.0,0.0,0.0,"[[0. 0. 0.]
 [0. 0. 0.]
 [0. 0. 0.]]","[[0. 0. 0.]
 [0. 0. 0.]
 [0. 0. 0.]]",0.0,0.0,0.0,0.0,0.0,0.2814437132072911,1.0163495371341695,5.0,1.883618629007209,0.0
166684.0,0.0,0.0,"[[0. 0. 0.]
 [0. 0. 0.]
 [0. 0. 0.]]","[[0. 0. 0.]
 [0. 0. 0.]
 [0. 0. 0.]]",0.0,0.0,0.0,0.0,0.0,0.11417136396762019,0.550031963050406,5.0,1.7165522896690908,0.0
166685.0,0.0,0.0,"[[0. 0. 0.]
 [0. 0. 0.]
 [0. 0. 0.]]","[[0. 0. 0.]
 [0. 0. 0.]
 [0. 0. 0.]]",0.0,0.0,0.0,0.0,0.0,0.22342749975335113,0.8545655010566173,5.0,1.5815493805064296,0.0
166686.0,37.191,2.380224,"[[0. 0. 1.]
 [0. 0. 1.]
 [0. 0. 0.]]","[[1. 0. 0.]
 [0. 0. 0.]
 [0. 0. 0.]]",0.0,0.0,1.0,1.0,0.0,0.5883330107427881,2.2530800979405767,7.0,1.7747008018134225,0.0
166687.0,23.823799999999995,1.5247231999999997,"[[0. 1. 0.]
 [0. 0. 0.]
 [0. 0. 0.]]","[[0. 0. 0.]
 [0. 0. 0.]
 [0. 0. 0.]]",0.0,0.0,1.0,1.0,0.0,0.28232680820842965,1.5548301981654635,8.0,1.5681737663231887,0.0
166688.0,7.330399999999999,0.46914559999999994,"[[0. 1. 0.]
 [0. 0. 0.]
 [0. 0. 0.]]","[[0. 0. 0.]
 [0. 0. 0.]
 [0. 0. 0.]]",0.0,0.0,1.0,1.0,0.0,0.39225372316556995,1.545165866293813,8.0,1.3741619484913672,0.9200015193615496
166689.0,7.653800000000004,0.48984320000000026,"[[0. 0. 1.]
 [0. 0. 0.]
 [0. 0. 0.]]","[[0. 0. 0.]
 [0. 0. 0.]
 [0. 0. 0.]]",0.0,0.0,1.0,1.0,0.0,0.6286237306330946,2.2192932186270777,8.0,1.248634306493722,0.0
166690.0,0.0,0.0,"[[0. 0. 0.]
 [0. 0. 0.]
 [0. 0. 0.]]","[[0. 0. 0.]
 [0. 0. 0.]
 [0. 0. 0.]]",0.0,0.0,0.0,0.0,0.0,0.24784209845620908,1.0675054864705837,5.0,1.1207338260446194,0.0
166691.0,0.0,0.0,"[[0. 0. 0.]
 [0. 0. 0.]
 [0. 0. 0.]]","[[0. 0. 0.]
 [0. 0. 0.]
 [0. 0. 0.]]",0.0,0.0,0.0,0.0,0.0,0.13497747297162135,0.5381821802324487,3.0,1.04,1.640095497894269
166692.0,34.9272,2.2353408,"[[1. 0. 0.]
 [0. 0. 0.]
 [0. 0. 0.]]","[[0. 0. 0.]
 [0. 0. 0.]
 [0. 0. 0.]]",1.0,0.0,1.0,1.0,0.0,0.04840819959342488,0.2040115163665298,3.0,0.9644823853362691,0.0
166693.0,32.98679999999999,2.1111551999999993,"[[0. 0. 1.]
 [0. 0. 0.]
 [0. 1. 0.]]","[[0. 0. 0.]
 [0. 0. 0.]
 [0. 0. 0.]]",1.0,0.0,1.0,1.0,0.0,0.2914316479963889,2.136310552472727,5.0,0.8868625011170367,0.0
166694.0,0.0,0.0,"[[0. 0. 0.]
 [0. 0. 0.]
 [0. 0. 0.]]","[[0. 0. 0.]
 [0. 0. 0.]
 [0. 0. 0.]]",0.0,0.0,0.0,0.0,0.0,0.388910152410186,1.5145716975462284,5.0,0.8,0.0
166695.0,30.3996,1.9455744,"[[0. 0. 0.]
 [0. 0. 0.]
 [0. 1. 1.]]","[[0. 0. 0.]
 [0. 0. 0.]
 [0. 0. 0.]]",2.0,0.0,1.0,1.0,0.0,0.22819109104573723,0.9616885341031549,5.0,0.7935828628496691,0.0
166696.0,32.23219999999999,2.0628607999999997,"[[0. 0. 0.]
 [0. 0. 0.]
 [1. 0. 0.]]","[[0. 0. 0.]
 [1. 0. 0.]
 [0. 0. 0.]]",0.0,0.0,0.0,0.0,0.0,0.039341376205802595,0.13892226765793012,5.0,1.0842502139399883,0.0
166697.0,24.254999999999995,1.5523199999999997,"[[0. 0. 0.]
 [0. 0. 0.]
 [1. 0. 0.]]","[[0. 0. 0.]
 [0. 0. 0.]
 [1. 0. 0.]]",0.0,0.0,0.0,0.0,0.0,-0.018468507334590045,-0.1021234581573491,6.0,1.266742118031714,0.0
166698.0,29.8606,1.9110784,"[[1. 0. 0.]
 [0. 0. 0.]
 [0. 0. 0.]]","[[1. 0. 0.]
 [0. 0. 0.]
 [0. 0. 0.]]",0.0,0.0,0.0,0.0,0.0,-0.0654266657829285,-0.24888303663825945,5.0,1.4144748003889354,0.0
166699.0,0.0,0.0,"[[0. 0. 0.]
 [0. 0. 0.]
 [0. 0. 0.]]","[[0. 0. 0.]
 [0. 0. 0.]
 [0. 0. 0.]]",0.0,0.0,0.0,0.0,0.0,-0.06842629712685305,-0.2466083748451784,5.0,1.1926449834794273,0.0
166700.0,0.0,0.0,"[[0. 0. 0.]
 [0. 0. 0.]
 [0. 0. 0.]]","[[0. 0. 0.]
 [0. 0. 0.]
 [0. 0. 0.]]",0.0,0.0,0.0,0.0,0.0,0.1641515392802548,0.5918647900288867,4.0,1.0803981585427742,0.78668360316631
166701.0,0.0,0.0,"[[0. 0. 0.]
 [0. 0. 0.]
 [0. 0. 0.]]","[[0. 0. 0.]
 [0. 0. 0.]
 [0. 0. 0.]]",0.0,0.0,0.0,0.0,0.0,-0.16068809088260394,-0.5531526840542758,4.0,0.8717250781194343,0.0
166702.0,0.0,0.0,"[[0. 0. 0.]
 [0. 0. 0.]
 [0. 0. 0.]]","[[0. 0. 0.]
 [0. 0. 0.]
 [0. 0. 0.]]",0.0,0.0,0.0,0.0,0.0,0.3793662086530519,1.2679936158019607,4.0,0.8220861570003222,0.0
166703.0,0.0,0.0,"[[0. 0. 0.]
 [0. 0. 0.]
 [0. 0. 0.]]","[[0. 0. 0.]
 [0. 0. 0.]
 [0. 0. 0.]]",0.0,0.0,0.0,0.0,0.0,0.17184121823310852,0.3317222876771927,4.0,0.7120763295772263,0.0
166704.0,0.0,0.0,"[[0. 0. 0.]
 [0. 0. 0.]
 [0. 0. 0.]]","[[0. 0. 0.]
 [0. 0. 0.]
 [0. 0. 0.]]",0.0,0.0,0.0,0.0,0.0,0.270697028875351,-0.8582178603464129,4.0,0.6308245561591467,0.0
166705.0,0.0,0.0,"[[0. 0. 0.]
 [0. 0. 0.]
 [0. 0. 0.]]","[[0. 0. 0.]
 [0. 0. 0.]
 [0. 0. 0.]]",0.0,0.0,0.0,0.0,0.0,0.09024189388751985,0.2209843497517586,4.0,0.49707674347187975,0.0
166706.0,0.0,0.0,"[[0. 0. 0.]
 [0. 0. 0.]
 [0. 0. 0.]]","[[0. 0. 0.]
 [0. 0. 0.]
 [0. 0. 0.]]",0.0,0.0,0.0,0.0,0.0,0.16471660053122678,0.34221520926367677,4.0,0.38499429999005486,0.0
166707.0,0.0,0.0,"[[0. 0. 0.]
 [0. 0. 0.]
 [0. 0. 0.]]","[[0. 0. 0.]
 [0. 0. 0.]
 [0. 0. 0.]]",0.0,0.0,0.0,0.0,0.0,0.08880194387886833,0.3415677969356792,4.0,0.25082759275481653,0.0
166708.0,0.0,0.0,"[[0. 0. 0.]
 [0. 0. 0.]
 [0. 0. 0.]]","[[0. 0. 0.]
 [0. 0. 0.]
 [0. 0. 0.]]",0.0,0.0,0.0,0.0,0.0,0.10918115793957968,0.4513985793853982,4.0,0.12258938415542155,0.0
166709.0,0.0,0.0,"[[0. 0. 0.]
 [0. 0. 0.]
 [0. 0. 0.]]","[[0. 0. 0.]
 [0. 0. 0.]
 [0. 0. 0.]]",0.0,0.0,0.0,0.0,0.0,0.1344935155962625,0.5251702797002857,4.0,0.0017147705106978872,0.0
166710.0,52.39079999999999,3.3530111999999996,"[[0. 0. 0.]
 [0. 1. 1.]
 [0. 0. 1.]]","[[0. 0. 0.]
 [0. 1. 1.]
 [0. 0. 0.]]",1.0,0.0,1.0,1.0,0.0,0.02110725068054166,0.08397308610746676,4.0,0.8114039375445279,2.4267298787812024
166711.0,86.34779999999999,5.526259199999999,"[[2. 2. 0.]
 [0. 0. 0.]
 [0. 1. 0.]]","[[2. 1. 0.]
 [0. 1. 0.]
 [0. 0. 0.]]",1.0,0.0,0.0,0.0,0.0,-0.635700603991747,-8.570261262775137,8.0,1.5767983098918836,0.7199930099430226
166712.0,8.300599999999996,0.5312383999999998,"[[0. 0. 0.]
 [1. 0. 0.]
 [0. 0. 0.]]","[[0. 0. 0.]
 [0. 0. 0.]
 [0. 0. 0.]]",1.0,0.0,0.0,0.0,0.0,-0.5603252594751604,-5.335192990618688,8.0,1.0950035245448209,0.0
166713.0,0.0,0.0,"[[0. 0. 0.]
 [0. 0. 0.]
 [0. 0. 0.]]","[[0. 0. 0.]
 [0. 0. 0.]
 [0. 0. 0.]]",0.0,0.0,0.0,0.0,0.0,-0.18638708500552364,-0.691421530536489,7.0,0.7585461136158825,0.0
166714.0,0.0,0.0,"[[0. 0. 0.]
 [0. 0. 0.]
 [0. 0. 0.]]","[[0. 0. 0.]
 [0. 0. 0.]
 [0. 0. 0.]]",0.0,0.0,0.0,0.0,0.0,0.15712943705234228,0.5725796686187352,7.0,0.5242564953038368,0.0
166715.0,7.869399999999995,0.5036415999999997,"[[1. 0. 0.]
 [0. 0. 0.]
 [0. 2. 0.]]","[[0. 0. 0.]
 [0. 0. 0.]
 [0. 0. 0.]]",3.0,0.0,1.0,1.0,0.0,0.4717065809601685,1.576254710936499,9.0,0.3919526864135158,0.0
166716.0,0.0,0.0,"[[0. 0. 0.]
 [0. 0. 0.]
 [0. 0. 0.]]","[[0. 0. 0.]
 [0. 0. 0.]
 [0. 0. 0.]]",0.0,0.0,0.0,0.0,0.0,0.444673330247945,2.151863179735855,6.0,0.2813122006674636,0.0
166717.0,62.95519999999999,4.029132799999999,"[[1. 0. 0.]
 [0. 1. 0.]
 [0. 1. 0.]]","[[0. 0. 0.]
 [0. 0. 0.]
 [0. 0. 0.]]",2.0,0.0,2.0,2.0,0.0,1.1097269541321055,4.080244064952926,9.0,0.37054186005134887,0.0
166718.0,21.9912,1.4074368,"[[0. 1. 1.]
 [0. 0. 0.]
 [0. 0. 0.]]","[[0. 0. 0.]
 [0. 0. 0.]
 [0. 0. 0.]]",0.0,0.0,2.0,2.0,0.0,1.1468652281208647,4.207619148929828,10.0,0.3425753809592369,0.5866750937477829
166719.0,0.0,0.0,"[[0. 0. 0.]
 [0. 0. 0.]
 [0. 0. 0.]]","[[0. 0. 0.]
 [0. 0. 0.]
 [0. 0. 0.]]",0.0,0.0,0.0,0.0,0.0,0.7733737558064521,2.829310548242324,7.0,0.2875568371938413,0.0
166720.0,52.9298,3.3875072,"[[0. 1. 1.]
 [0. 0. 0.]
 [0. 0. 0.]]","[[0. 1. 0.]
 [0. 0. 0.]
 [0. 0. 0.]]",0.0,0.0,1.0,1.0,0.0,0.17923560895189566,0.6707713429415743,6.0,0.5814731929401276,1.8400030387230992
166721.0,0.0,0.0,"[[0. 0. 0.]
 [0. 0. 0.]
 [0. 0. 0.]]","[[0. 0. 0.]
 [0. 0. 0.]
 [0. 0. 0.]]",0.0,0.0,0.0,0.0,0.0,0.005664454954327769,0.020827067976072342,3.0,0.46184749140975356,1.373358696914093
166722.0,36.8676,2.3595264,"[[1. 0. 1.]
 [0. 0. 0.]
 [0. 0. 0.]]","[[0. 0. 0.]
 [0. 0. 0.]
 [0. 0. 0.]]",1.0,0.0,2.0,2.0,0.0,0.18306620221532033,0.4417021327051249,4.0,0.3781569691925927,0.0
166723.0,20.050799999999995,1.2832511999999998,"[[0. 1. 0.]
 [0. 0. 0.]
 [0. 0. 0.]]","[[0. 1. 0.]
 [0. 0. 0.]
 [0. 0. 0.]]",0.0,0.0,0.0,0.0,0.0,0.16172773132962542,0.5637181803225423,5.0,0.5894463353898969,0.0
166724.0,115.7772,7.4097408,"[[0. 1. 1.]
 [0. 0. 0.]
 [0. 0. 0.]]","[[0. 1. 0.]
 [0. 0. 0.]
 [0. 0. 0.]]",0.0,1.0,1.0,1.0,0.0,0.09241996946930886,0.20716860356240274,5.0,0.7461914096299662,0.0
166725.0,92.2768,5.9057151999999995,"[[0. 0. 0.]
 [0. 0. 2.]
 [0. 0. 0.]]","[[0. 1. 0.]
 [0. 0. 0.]
 [0. 0. 0.]]",0.0,0.0,1.0,1.0,0.0,0.7600462550881022,-0.5934441159727901,7.0,1.024895774746505,0.0
166726.0,0.0,0.0,"[[0. 0. 0.]
 [0. 0. 0.]
 [0. 0. 0.]]","[[0. 0. 0.]
 [0. 0. 0.]
 [0. 0. 0.]]",0.0,0.0,0.0,0.0,0.0,0.15754013300281933,0.23895687373867636,7.0,0.788439576018711,0.0
166727.0,0.0,0.0,"[[0. 0. 0.]
 [0. 0. 0.]
 [0. 0. 0.]]","[[0. 0. 0.]
 [0. 0. 0.]
 [0. 0. 0.]]",0.0,0.0,0.0,0.0,0.0,0.3915111289134757,1.0636574350321308,6.0,0.6619468001233332,1.1199608065007003
166728.0,0.0,0.0,"[[0. 0. 0.]
 [0. 0. 0.]
 [0. 0. 0.]]","[[0. 0. 0.]
 [0. 0. 0.]
 [0. 0. 0.]]",0.0,0.0,0.0,0.0,0.0,-0.00630315032551329,-0.017225249209562667,6.0,0.4167389245183161,0.0
166729.0,0.0,0.0,"[[0. 0. 0.]
 [0. 0. 0.]
 [0. 0. 0.]]","[[0. 0. 0.]
 [0. 0. 0.]
 [0. 0. 0.]]",0.0,0.0,0.0,0.0,0.0,0.6915904891271486,-1.1668514732553252,6.0,0.3779288849916685,0.0
166730.0,0.0,0.0,"[[0. 0. 0.]
 [0. 0. 0.]
 [0. 0. 0.]]","[[0. 0. 0.]
 [0. 0. 0.]
 [0. 0. 0.]]",0.0,0.0,0.0,0.0,0.0,0.42586288532167704,1.0942972701225777,6.0,0.26181626981251993,0.0
166731.0,0.0,0.0,"[[0. 0. 0.]
 [0. 0. 0.]
 [0. 0. 0.]]","[[0. 0. 0.]
 [0. 0. 0.]
 [0. 0. 0.]]",0.0,0.0,0.0,0.0,0.0,0.6728567125624871,2.0336421280488612,6.0,0.21755640437615262,0.0
166732.0,0.0,0.0,"[[0. 0. 0.]
 [0. 0. 0.]
 [0. 0. 0.]]","[[0. 0. 0.]
 [0. 0. 0.]
 [0. 0. 0.]]",0.0,0.0,0.0,0.0,0.0,0.3273220772147178,0.882722177832651,5.0,0.11277737229316145,0.0
166733.0,35.142799999999994,2.2491391999999997,"[[1. 0. 0.]
 [0. 0. 0.]
 [0. 0. 0.]]","[[1. 0. 0.]
 [0. 0. 0.]
 [0. 0. 0.]]",0.0,0.0,0.0,0.0,0.0,0.4873772195633609,1.5911891464304606,5.0,0.40415983616613915,0.0
166734.0,33.0946,2.1180544,"[[0. 0. 0.]
 [0. 1. 0.]
 [0. 0. 0.]]","[[0. 0. 0.]
 [0. 0. 0.]
 [0. 0. 0.]]",0.0,0.0,1.0,1.0,0.0,0.426004971833477,2.298382024035975,4.0,0.4852885552449689,1.57336720633262
166735.0,159.8674,10.231513600000001,"[[0. 0. 0.]
 [1. 0. 0.]
 [1. 0. 2.]]","[[0. 0. 0.]
 [1. 0. 0.]
 [0. 0. 0.]]",1.0,1.0,3.0,3.0,0.0,0.8634954533725878,2.9282857814771197,7.0,1.0232872325897218,0.78668360316631
166736.0,28.674799999999987,1.8351871999999991,"[[0. 0. 0.]
 [1. 0. 0.]
 [1. 0. 0.]]","[[0. 0. 0.]
 [1. 0. 0.]
 [0. 0. 0.]]",1.0,0.0,0.0,0.0,0.0,-0.2768792211562396,-3.5626603144615663,8.0,0.9530193832371825,0.78668360316631
166737.0,13.475000000000001,0.8624,"[[0. 0. 0.]
 [0. 0. 1.]
 [0. 0. 0.]]","[[0. 0. 0.]
 [0. 0. 0.]
 [0. 0. 0.]]",0.0,0.0,1.0,1.0,0.0,-0.14015079705325423,-2.9409243253654864,9.0,0.5774865151089091,0.0
166738.0,104.7816,6.7060224,"[[0. 1. 1.]
 [0. 0. 2.]
 [0. 0. 0.]]","[[0. 0. 0.]
 [0. 0. 1.]
 [0. 0. 0.]]",0.0,0.0,3.0,3.0,0.0,0.09554097896759457,0.47288962949800534,12.0,1.2127113165833234,0.0
166739.0,61.98499999999999,3.9670399999999995,"[[0. 0. 0.]
 [0. 0. 0.]
 [0. 1. 1.]]","[[0. 0. 0.]
 [0. 0. 0.]
 [0. 0. 0.]]",1.0,0.0,1.0,1.0,0.0,1.4029172465248725,3.6083031580619718,11.0,1.230832697390559,0.0
166740.0,49.264599999999994,3.1529344,"[[0. 0. 0.]
 [0. 0. 2.]
 [0. 0. 0.]]","[[0. 0. 0.]
 [0. 0. 0.]
 [0. 0. 0.]]",0.0,0.0,2.0,2.0,0.0,0.7315022738300936,2.32793283623689,11.0,1.020394419023826,0.0
166741.0,0.0,0.0,"[[0. 0. 0.]
 [0. 0. 0.]
 [0. 0. 0.]]","[[0. 0. 0.]
 [0. 0. 0.]
 [0. 0. 0.]]",0.0,0.0,0.0,0.0,0.0,0.777071670861835,2.6557201423374077,9.0,0.8851523767918422,0.0
166742.0,34.7116,2.2215423999999997,"[[0. 0. 0.]
 [1. 1. 0.]
 [0. 0. 0.]]","[[0. 0. 0.]
 [0. 0. 0.]
 [0. 0. 0.]]",2.0,0.0,1.0,1.0,0.0,1.1443219148346984,4.4079280159432574,10.0,0.8492460247437548,0.0
166743.0,39.7782,2.5458048,"[[0. 0. 0.]
 [0. 0. 0.]
 [2. 1. 0.]]","[[0. 0. 0.]
 [0. 0. 0.]
 [0. 0. 0.]]",3.0,0.0,0.0,0.0,0.0,1.5943136590483622,6.293074874995695,13.0,0.8454463619214602,0.0
166744.0,11.858000000000004,0.7589120000000003,"[[0. 0. 0.]
 [0. 1. 0.]
 [0. 0. 0.]]","[[0. 0. 0.]
 [0. 0. 0.]
 [0. 0. 0.]]",1.0,0.0,1.0,1.0,0.0,0.4763413178961956,2.391233415838902,6.0,0.7800183816730808,0.7199930099430226
166745.0,0.0,0.0,"[[0. 0. 0.]
 [0. 0. 0.]
 [0. 0. 0.]]","[[0. 0. 0.]
 [0. 0. 0.]
 [0. 0. 0.]]",0.0,0.0,0.0,0.0,0.0,0.08959693348407742,0.3038411208312033,2.0,0.7257949054184588,1.3066681036908054
166746.0,105.1968,6.7325952,"[[2. 0. 0.]
 [0. 0. 0.]
 [0. 0. 0.]]","[[0. 0. 0.]
 [0. 0. 0.]
 [0. 0. 0.]]",1.0,1.0,1.0,2.0,0.0,0.3407033014297486,1.3148421808776856,3.0,0.9145679623093393,0.0
166747.0,88.50380000000001,5.6642432000000005,"[[0. 0. 0.]
 [0. 1. 0.]
 [1. 0. 1.]]","[[0. 0. 0.]
 [0. 1. 0.]
 [0. 0. 0.]]",2.0,0.0,1.0,1.0,0.0,0.7826075970622738,2.626431095740991,6.0,1.2538356269092736,0.0
166748.0,0.0,0.0,"[[0. 0. 0.]
 [0. 0. 0.]
 [0. 0. 0.]]","[[0. 0. 0.]
 [0. 0. 0.]
 [0. 0. 0.]]",0.0,0.0,0.0,0.0,0.0,0.595894471997263,0.20403426721186282,6.0,1.1871867460357501,0.0
166749.0,0.0,0.0,"[[0. 0. 0.]
 [0. 0. 0.]
 [0. 0. 0.]]","[[0. 0. 0.]
 [0. 0. 0.]
 [0. 0. 0.]]",0.0,0.0,0.0,0.0,0.0,0.35241301930248287,1.0369400679956255,4.0,1.1297068971055635,0.0
166750.0,0.0,0.0,"[[0. 0. 0.]
 [0. 0. 0.]
 [0. 0. 0.]]","[[0. 0. 0.]
 [0. 0. 0.]
 [0. 0. 0.]]",0.0,0.0,0.0,0.0,0.0,0.27851082097738966,0.6635241798965331,4.0,1.0507282268444404,0.0
166751.0,0.0,0.0,"[[0. 0. 0.]
 [0. 0. 0.]
 [0. 0. 0.]]","[[0. 0. 0.]
 [0. 0. 0.]
 [0. 0. 0.]]",0.0,0.0,0.0,0.0,0.0,-0.04046325427293779,-0.05493291400094033,3.0,0.9184717415094095,0.0
166752.0,0.0,0.0,"[[0. 0. 0.]
 [0. 0. 0.]
 [0. 0. 0.]]","[[0. 0. 0.]
 [0. 0. 0.]
 [0. 0. 0.]]",0.0,0.0,0.0,0.0,0.0,0.05204969606840931,0.18479724092128044,3.0,0.8136134712747648,0.0
166753.0,0.0,0.0,"[[0. 0. 0.]
 [0. 0. 0.]
 [0. 0. 0.]]","[[0. 0. 0.]
 [0. 0. 0.]
 [0. 0. 0.]]",0.0,0.0,0.0,0.0,0.0,-0.11369348871707917,-0.42257595886363986,3.0,0.6591752481958721,0.0
166754.0,0.0,0.0,"[[0. 0. 0.]
 [0. 0. 0.]
 [0. 0. 0.]]","[[0. 0. 0.]
 [0. 0. 0.]
 [0. 0. 0.]]",0.0,0.0,0.0,0.0,0.0,-0.07161641967231708,-0.26326195871543756,3.0,0.5174823415517263,0.0
166755.0,0.0,0.0,"[[0. 0. 0.]
 [0. 0. 0.]
 [0. 0. 0.]]","[[0. 0. 0.]
 [0. 0. 0.]
 [0. 0. 0.]]",0.0,0.0,0.0,0.0,0.0,0.16901529538614582,0.9755562849688337,3.0,0.44665042748224154,0.0
166756.0,0.0,0.0,"[[0. 0. 0.]
 [0. 0. 0.]
 [0. 0. 0.]]","[[0. 0. 0.]
 [0. 0. 0.]
 [0. 0. 0.]]",0.0,0.0,0.0,0.0,0.0,0.1790936941646253,0.593158315073239,3.0,0.37875041123922343,0.0
166757.0,32.34,2.06976,"[[0. 0. 0.]
 [0. 1. 0.]
 [0. 0. 0.]]","[[0. 0. 0.]
 [0. 1. 0.]
 [0. 0. 0.]]",0.0,0.0,0.0,0.0,0.0,0.1121971959556999,0.4662017886351242,4.0,0.5702099078688517,0.0
166758.0,0.0,0.0,"[[0. 0. 0.]
 [0. 0. 0.]
 [0. 0. 0.]]","[[0. 0. 0.]
 [0. 0. 0.]
 [0. 0. 0.]]",0.0,0.0,0.0,0.0,0.0,0.07042359924316408,0.24067969277343754,2.0,0.5106967731032267,0.9200015193615496
166759.0,78.80179999999999,5.043315199999999,"[[1. 0. 1.]
 [0. 0. 0.]
 [1. 0. 0.]]","[[2. 0. 0.]
 [1. 0. 0.]
 [0. 0. 0.]]",0.0,0.0,0.0,0.0,0.0,-0.3036612182557583,-1.1203884308764434,5.0,0.8450110257970799,0.0
166760.0,66.40479999999998,4.249907199999999,"[[0. 0. 0.]
 [0. 0. 0.]
 [1. 2. 1.]]","[[1. 0. 0.]
 [0. 0. 0.]
 [0. 0. 0.]]",3.0,0.0,1.0,1.0,0.0,-0.4839243196086464,-6.711062464332709,9.0,0.6910882604012536,0.0
166761.0,11.5346,0.7382143999999999,"[[0. 0. 0.]
 [0. 0. 0.]
 [1. 0. 0.]]","[[0. 0. 0.]
 [0. 0. 0.]
 [0. 0. 0.]]",1.0,0.0,0.0,0.0,0.0,0.9399534334247126,3.8500492633076226,9.0,0.6417292592157153,0.0
166762.0,0.0,0.0,"[[0. 0. 0.]
 [0. 0. 0.]
 [0. 0. 0.]]","[[0. 0. 0.]
 [0. 0. 0.]
 [0. 0. 0.]]",0.0,0.0,0.0,0.0,0.0,0.766039822552862,2.402300883525775,8.0,0.5445772075947298,0.0
166763.0,55.8404,3.5737856000000003,"[[0. 0. 0.]
 [0. 0. 0.]
 [1. 0. 0.]]","[[0. 0. 0.]
 [0. 0. 0.]
 [0. 0. 0.]]",0.0,0.0,1.0,1.0,0.0,0.4083224410278903,0.7852857185848385,7.0,0.4161619177119343,0.0
166764.0,17.787,1.138368,"[[0. 0. 1.]
 [0. 0. 0.]
 [0. 0. 0.]]","[[0. 0. 0.]
 [0. 0. 0.]
 [0. 0. 0.]]",0.0,0.0,1.0,1.0,0.0,0.8139971912705093,2.2922160906177544,8.0,0.3469611006269917,0.0
166765.0,77.6,4.9664,"[[1. 0. 0.]
 [0. 0. 0.]
 [0. 0. 0.]]","[[0. 0. 0.]
 [0. 0. 0.]
 [0. 0. 0.]]",0.0,1.0,1.0,1.0,0.0,0.6947558465540069,1.7341105929988012,8.0,0.26113126155402,0.5866750937477829
166766.0,1.7248000000000019,0.11038720000000013,"[[0. 0. 0.]
 [1. 0. 0.]
 [0. 0. 0.]]","[[0. 0. 0.]
 [0. 0. 0.]
 [0. 0. 0.]]",1.0,0.0,0.0,0.0,0.0,0.40604235470921185,1.4981338719351047,6.0,0.17285267383306352,1.7066359002484832
166767.0,0.0,0.0,"[[0. 0. 0.]
 [0. 0. 0.]
 [0. 0. 0.]]","[[0. 0. 0.]
 [0. 0. 0.]
 [0. 0. 0.]]",0.0,0.0,0.0,0.0,0.0,0.37461617236424183,1.414550666847377,5.0,0.08183192397538837,0.0
166768.0,39.4548,2.5251072,"[[0. 0. 0.]
 [0. 0. 0.]
 [0. 1. 0.]]","[[0. 0. 0.]
 [0. 1. 0.]
 [0. 0. 0.]]",0.0,0.0,0.0,0.0,0.0,0.19950236956076356,0.8171617057208875,5.0,0.39263891809508494,0.9200015193615496
166769.0,45.060399999999994,2.8838655999999996,"[[1. 0. 0.]
 [1. 0. 0.]
 [0. 0. 0.]]","[[1. 0. 0.]
 [0. 0. 0.]
 [0. 0. 0.]]",1.0,0.0,0.0,0.0,0.0,-0.10871777769923213,-0.5827272884678842,4.0,0.6708255592069756,1.3066681036908054
166770.0,94.9718,6.078195200000001,"[[1. 1. 0.]
 [0. 0. 1.]
 [0. 0. 0.]]","[[0. 0. 0.]
 [0. 0. 0.]
 [0. 0. 0.]]",1.0,0.0,3.0,3.0,0.0,0.02849876560716384,0.1724517304420698,6.0,0.5240726958113189,0.0
166771.0,54.546800000000005,3.4909952000000004,"[[0. 1. 0.]
 [0. 0. 0.]
 [0. 1. 0.]]","[[0. 1. 0.]
 [0. 0. 0.]
 [0. 0. 0.]]",1.0,0.0,0.0,0.0,0.0,0.7379289075913757,2.849586269554857,8.0,0.775720897189155,0.0
166772.0,0.0,0.0,"[[0. 0. 0.]
 [0. 0. 0.]
 [0. 0. 0.]]","[[0. 0. 0.]
 [0. 0. 0.]
 [0. 0. 0.]]",0.0,0.0,0.0,0.0,0.0,0.8681577910449818,3.06216616057386,7.0,0.7482758909476952,0.0
166773.0,0.0,0.0,"[[0. 0. 0.]
 [0. 0. 0.]
 [0. 0. 0.]]","[[0. 0. 0.]
 [0. 0. 0.]
 [0. 0. 0.]]",0.0,0.0,0.0,0.0,0.0,0.6615409863009991,1.4585655665964374,5.0,0.7407241778716223,0.0
166774.0,0.0,0.0,"[[0. 0. 0.]
 [0. 0. 0.]
 [0. 0. 0.]]","[[0. 0. 0.]
 [0. 0. 0.]
 [0. 0. 0.]]",0.0,0.0,0.0,0.0,0.0,0.4952501981556414,1.282499913143845,4.0,0.724796962789627,0.0
166775.0,0.0,0.0,"[[0. 0. 0.]
 [0. 0. 0.]
 [0. 0. 0.]]","[[0. 0. 0.]
 [0. 0. 0.]
 [0. 0. 0.]]",0.0,0.0,0.0,0.0,0.0,-0.006038715988397614,-0.014410791834712066,3.0,0.6029678110003279,0.0
166776.0,0.0,0.0,"[[0. 0. 0.]
 [0. 0. 0.]
 [0. 0. 0.]]","[[0. 0. 0.]
 [0. 0. 0.]
 [0. 0. 0.]]",0.0,0.0,0.0,0.0,0.0,0.27896548996109327,0.6563500047804602,3.0,0.5641214080799187,0.0
166777.0,0.0,0.0,"[[0. 0. 0.]
 [0. 0. 0.]
 [0. 0. 0.]]","[[0. 0. 0.]
 [0. 0. 0.]
 [0. 0. 0.]]",0.0,0.0,0.0,0.0,0.0,0.22211636972427368,0.49185448911743157,3.0,0.5087370792724347,0.0
166778.0,0.0,0.0,"[[0. 0. 0.]
 [0. 0. 0.]
 [0. 0. 0.]]","[[0. 0. 0.]
 [0. 0. 0.]
 [0. 0. 0.]]",0.0,0.0,0.0,0.0,0.0,-0.07498795311716949,-0.30715065596792623,3.0,0.36569670126271314,0.0
166779.0,0.0,0.0,"[[0. 0. 0.]
 [0. 0. 0.]
 [0. 0. 0.]]","[[0. 0. 0.]
 [0. 0. 0.]
 [0. 0. 0.]]",0.0,0.0,0.0,0.0,0.0,-0.0059448792795019825,-0.02174399045270645,3.0,0.24375779110289578,0.0
166780.0,0.0,0.0,"[[0. 0. 0.]
 [0. 0. 0.]
 [0. 0. 0.]]","[[0. 0. 0.]
 [0. 0. 0.]
 [0. 0. 0.]]",0.0,0.0,0.0,0.0,0.0,0.24442778329323941,0.5825202931444482,3.0,0.19486405533365636,0.0
166781.0,0.0,0.0,"[[0. 0. 0.]
 [0. 0. 0.]
 [0. 0. 0.]]","[[0. 0. 0.]
 [0. 0. 0.]
 [0. 0. 0.]]",0.0,0.0,0.0,0.0,0.0,0.15004333707637255,0.586489395964125,3.0,0.11851302611951024,0.0
166782.0,47.755399999999995,3.0563455999999998,"[[0. 0. 1.]
 [0. 0. 0.]
 [0. 0. 0.]]","[[0. 0. 0.]
 [0. 0. 0.]
 [0. 0. 0.]]",0.0,0.0,1.0,1.0,0.0,0.2372120772855856,2.208918863683373,4.0,0.05032017587531696,0.0
166783.0,42.473200000000006,2.7182848000000006,"[[1. 0. 0.]
 [0. 0. 0.]
 [1. 0. 0.]]","[[1. 0. 0.]
 [0. 0. 0.]
 [0. 0. 0.]]",1.0,0.0,0.0,0.0,0.0,0.07166144023612371,1.0220641252236908,4.0,0.2327906084002955,1.7066851225278596
166784.0,199.6456,12.7773184,"[[0. 0. 0.]
 [0. 2. 2.]
 [0. 0. 2.]]","[[0. 0. 0.]
 [0. 0. 0.]
 [0. 0. 0.]]",3.0,1.0,6.0,6.0,0.0,0.44074503659084446,7.587513953918705,9.0,0.1789628053154731,0.5866750937477829
166785.0,51.52839999999999,3.2978175999999997,"[[1. 0. 0.]
 [0. 0. 1.]
 [0. 0. 0.]]","[[0. 0. 0.]
 [0. 0. 0.]
 [0. 0. 0.]]",1.0,0.0,2.0,2.0,0.0,0.8677639885896506,3.2676520754331886,9.0,0.2402032383597352,0.0
166786.0,64.8956,4.1533184,"[[0. 0. 0.]
 [0. 0. 0.]
 [2. 1. 0.]]","[[0. 0. 0.]
 [0. 0. 0.]
 [0. 0. 0.]]",3.0,0.0,0.0,0.0,0.0,1.2146792874189616,4.53804181779724,11.0,0.2727644856088877,0.0
166787.0,66.7282,4.2706048,"[[1. 0. 0.]
 [0. 1. 0.]
 [0. 0. 0.]]","[[0. 0. 0.]
 [0. 0. 0.]
 [0. 0. 0.]]",1.0,0.0,2.0,2.0,0.0,1.074413193360087,3.7329411990102774,11.0,0.25772105095000386,0.0
166788.0,31.369799999999994,2.0076671999999998,"[[0. 0. 0.]
 [1. 0. 0.]
 [0. 0. 0.]]","[[0. 0. 0.]
 [0. 0. 0.]
 [0. 0. 0.]]",1.0,0.0,0.0,0.0,0.0,0.8541748536042867,3.416699414417147,9.0,0.14980828108943278,0.0
166789.0,25.548599999999997,1.6351103999999999,"[[1. 0. 1.]
 [0. 0. 0.]
 [0. 0. 0.]]","[[0. 0. 0.]
 [0. 0. 0.]
 [0. 0. 0.]]",1.0,0.0,2.0,2.0,0.0,1.153970478894451,4.031511265065654,9.0,0.1907087840405459,0.0
166790.0,96.7884,6.1944576,"[[0. 0. 0.]
 [1. 1. 0.]
 [0. 0. 0.]]","[[0. 0. 0.]
 [0. 0. 0.]
 [0. 0. 0.]]",1.0,1.0,1.0,2.0,0.0,0.9540057934447841,3.5282950264761896,10.0,0.5090971113358005,0.0
166791.0,50.5582,3.2357248,"[[1. 0. 0.]
 [0. 0. 1.]
 [0. 0. 1.]]","[[0. 0. 0.]
 [0. 0. 0.]
 [0. 0. 0.]]",2.0,0.0,3.0,3.0,0.0,0.9132393726408481,3.2518627580995316,8.0,0.5071667470131381,0.0
166792.0,180.44119999999998,11.5482368,"[[1. 0. 0.]
 [1. 0. 0.]
 [2. 0. 1.]]","[[1. 0. 0.]
 [1. 0. 0.]
 [0. 0. 0.]]",1.0,1.0,1.0,2.0,0.0,0.030714018536808774,0.5478398058373507,9.0,1.6035677913335764,0.0
166793.0,47.432,3.035648,"[[0. 0. 0.]
 [0. 0. 1.]
 [0. 0. 0.]]","[[1. 0. 0.]
 [0. 0. 0.]
 [0. 0. 0.]]",0.0,0.0,0.0,0.0,0.0,-0.0038524588125981307,-0.043505046878908174,8.0,1.422557966998989,0.5866750937477829
166794.0,26.8422,1.7179008,"[[0. 0. 0.]
 [0. 0. 1.]
 [0. 0. 0.]]","[[0. 0. 0.]
 [0. 0. 0.]
 [0. 0. 0.]]",0.0,0.0,1.0,1.0,0.0,0.19338870524144192,0.6975917375469293,7.0,1.218331412219202,0.0
166795.0,0.0,0.0,"[[0. 0. 0.]
 [0. 0. 0.]
 [0. 0. 0.]]","[[0. 0. 0.]
 [0. 0. 0.]
 [0. 0. 0.]]",0.0,0.0,0.0,0.0,0.0,0.32142292733490446,0.8081858084908838,7.0,1.0307437941312552,0.0
166796.0,0.0,0.0,"[[0. 0. 0.]
 [0. 0. 0.]
 [0. 0. 0.]]","[[0. 0. 0.]
 [0. 0. 0.]
 [0. 0. 0.]]",0.0,0.0,0.0,0.0,0.0,0.7104556960975332,0.980428860614596,7.0,0.9574218148141738,0.0
166797.0,0.0,0.0,"[[0. 0. 0.]
 [0. 0. 0.]
 [0. 0. 0.]]","[[0. 0. 0.]
 [0. 0. 0.]
 [0. 0. 0.]]",0.0,0.0,0.0,0.0,0.0,0.6779225815534591,2.1281345680126185,5.0,0.9546356567206347,0.0
166798.0,0.0,0.0,"[[0. 0. 0.]
 [0. 0. 0.]
 [0. 0. 0.]]","[[0. 0. 0.]
 [0. 0. 0.]
 [0. 0. 0.]]",0.0,0.0,0.0,0.0,0.0,0.5582925471639426,1.4037707805890174,5.0,0.9170480340774181,0.0
166799.0,0.0,0.0,"[[0. 0. 0.]
 [0. 0. 0.]
 [0. 0. 0.]]","[[0. 0. 0.]
 [0. 0. 0.]
 [0. 0. 0.]]",0.0,0.0,0.0,0.0,0.0,0.43232078090310105,1.17660423730588,5.0,0.8428140794310477,0.0
166800.0,0.0,0.0,"[[0. 0. 0.]
 [0. 0. 0.]
 [0. 0. 0.]]","[[0. 0. 0.]
 [0. 0. 0.]
 [0. 0. 0.]]",0.0,0.0,0.0,0.0,0.0,0.2236439634736397,0.6383693293391555,5.0,0.70787414153247,0.0
166801.0,0.0,0.0,"[[0. 0. 0.]
 [0. 0. 0.]
 [0. 0. 0.]]","[[0. 0. 0.]
 [0. 0. 0.]
 [0. 0. 0.]]",0.0,0.0,0.0,0.0,0.0,0.23549200611275228,0.7965281614757733,4.0,0.6163809069470889,0.5866750937477829
166802.0,0.0,0.0,"[[0. 0. 0.]
 [0. 0. 0.]
 [0. 0. 0.]]","[[0. 0. 0.]
 [0. 0. 0.]
 [0. 0. 0.]]",0.0,0.0,0.0,0.0,0.0,0.26026794490218164,0.8990695888700962,4.0,0.5320952181913599,0.0
166803.0,0.0,0.0,"[[0. 0. 0.]
 [0. 0. 0.]
 [0. 0. 0.]]","[[0. 0. 0.]
 [0. 0. 0.]
 [0. 0. 0.]]",0.0,0.0,0.0,0.0,0.0,0.22516612680414427,0.7841185199827521,4.0,0.43759809144347456,0.0
166804.0,0.0,0.0,"[[0. 0. 0.]
 [0. 0. 0.]
 [0. 0. 0.]]","[[0. 0. 0.]
 [0. 0. 0.]
 [0. 0. 0.]]",0.0,0.0,0.0,0.0,0.0,0.1394059026986611,1.5902310132641668,4.0,0.3181525358649032,0.0
166805.0,0.0,0.0,"[[0. 0. 0.]
 [0. 0. 0.]
 [0. 0. 0.]]","[[0. 0. 0.]
 [0. 0. 0.]
 [0. 0. 0.]]",0.0,0.0,0.0,0.0,0.0,0.1422912908565325,0.49437686095193534,4.0,0.19954636593225814,0.0
166806.0,33.956999999999994,2.1732479999999996,"[[0. 0. 0.]
 [0. 0. 0.]
 [0. 1. 0.]]","[[0. 0. 0.]
 [0. 0. 0.]
 [0. 0. 0.]]",1.0,0.0,0.0,0.0,0.0,0.23369379909940166,1.3028896687389842,5.0,0.10153001657935681,0.0
166807.0,177.5466,11.362982400000002,"[[1. 0. 0.]
 [0. 2. 0.]
 [1. 0. 0.]]","[[0. 0. 0.]
 [0. 0. 0.]
 [0. 0. 0.]]",1.0,1.0,3.0,4.0,0.0,0.23743541134301333,1.3133027472204752,7.0,0.1518021362427789,0.7199930099430226
166808.0,49.588,3.173632,"[[0. 0. 1.]
 [0. 0. 0.]
 [0. 1. 1.]]","[[0. 0. 0.]
 [0. 0. 0.]
 [0. 0. 0.]]",1.0,0.0,3.0,3.0,0.0,0.6224188936427235,3.4427233845166323,8.0,0.18886945075702571,0.5866750937477829
166809.0,4.4198,0.28286720000000004,"[[1. 0. 0.]
 [0. 0. 1.]
 [0. 0. 0.]]","[[0. 0. 0.]
 [0. 0. 0.]
 [0. 0. 0.]]",1.0,0.0,2.0,2.0,0.0,0.8993454370498656,3.854234805020904,10.0,0.11409721426244118,0.0
166810.0,46.785199999999996,2.9942528,"[[0. 0. 0.]
 [0. 0. 0.]
 [1. 1. 1.]]","[[0. 0. 0.]
 [0. 0. 0.]
 [0. 0. 0.]]",3.0,0.0,1.0,1.0,0.0,0.5511556609272957,1.8487965490145208,7.0,0.06083340653219998,0.0
166811.0,39.6704,2.5389056,"[[0. 0. 0.]
 [1. 0. 0.]
 [0. 0. 0.]]","[[0. 0. 0.]
 [0. 0. 0.]
 [0. 0. 0.]]",1.0,0.0,0.0,0.0,0.0,0.7967676545381543,2.3762798528945916,6.0,0.06542036057966315,0.0
166812.0,0.0,0.0,"[[0. 0. 0.]
 [0. 0. 0.]
 [0. 0. 0.]]","[[0. 0. 0.]
 [0. 0. 0.]
 [0. 0. 0.]]",0.0,0.0,0.0,0.0,0.0,0.400925241895567,1.5033092870116147,4.0,0.022053158222009914,0.0
166813.0,0.0,0.0,"[[0. 0. 0.]
 [0. 0. 0.]
 [0. 0. 0.]]","[[0. 0. 0.]
 [0. 0. 0.]
 [0. 0. 0.]]",0.0,0.0,0.0,0.0,0.0,0.3913672997613985,1.0419762988847472,3.0,0.015905463607144038,0.0
166814.0,67.69839999999999,4.3326975999999995,"[[0. 0. 0.]
 [1. 0. 0.]
 [0. 1. 0.]]","[[0. 0. 0.]
 [0. 0. 0.]
 [0. 1. 0.]]",0.0,0.0,1.0,1.0,0.0,0.13210439434415455,0.24761647675868328,4.0,1.7218962024894815,0.0
166815.0,38.48459999999999,2.4630143999999996,"[[0. 1. 0.]
 [0. 0. 0.]
 [0. 0. 1.]]","[[0. 0. 0.]
 [0. 0. 0.]
 [0. 0. 0.]]",1.0,0.0,2.0,2.0,0.0,0.31048369368538253,0.8238995295635311,5.0,1.6689042502530294,0.0
166816.0,53.46879999999999,3.4220031999999994,"[[0. 0. 1.]
 [0. 0. 1.]
 [0. 0. 1.]]","[[0. 0. 0.]
 [0. 0. 0.]
 [0. 0. 0.]]",1.0,0.0,3.0,3.0,0.0,0.7050073276907203,2.102613854104804,8.0,1.5942239511930074,0.0
166817.0,0.0,0.0,"[[0. 0. 0.]
 [0. 0. 0.]
 [0. 0. 0.]]","[[0. 0. 0.]
 [0. 0. 0.]
 [0. 0. 0.]]",0.0,0.0,0.0,0.0,0.0,0.4202525832056997,1.4708840412199489,5.0,1.5149229275909326,0.0
166818.0,10.133200000000002,0.6485248000000001,"[[0. 0. 0.]
 [1. 0. 0.]
 [0. 0. 0.]]","[[0. 0. 0.]
 [0. 0. 0.]
 [0. 0. 0.]]",1.0,0.0,0.0,0.0,0.0,0.3088630996346472,0.9493216230370517,4.0,1.4460298450524898,0.0
166819.0,104.55,6.6912,"[[0. 0. 0.]
 [1. 0. 0.]
 [1. 0. 0.]]","[[0. 0. 0.]
 [1. 0. 0.]
 [0. 0. 0.]]",0.0,1.0,0.0,1.0,0.0,-0.2244751152815499,-0.5976425469255984,3.0,1.950094783061183,0.0
166820.0,0.0,0.0,"[[0. 0. 0.]
 [0. 0. 0.]
 [0. 0. 0.]]","[[0. 0. 0.]
 [0. 0. 0.]
 [0. 0. 0.]]",0.0,0.0,0.0,0.0,0.0,-0.1308643465658102,-0.46001435104813604,3.0,1.7903758421829719,0.0
166821.0,0.0,0.0,"[[0. 0. 0.]
 [0. 0. 0.]
 [0. 0. 0.]]","[[0. 0. 0.]
 [0. 0. 0.]
 [0. 0. 0.]]",0.0,0.0,0.0,0.0,0.0,0.17198650778816066,0.4909182878305244,3.0,1.719172633758652,0.0
166822.0,77.40039999999999,4.9536256,"[[0. 0. 0.]
 [0. 0. 0.]
 [0. 0. 1.]]","[[0. 0. 0.]
 [0. 0. 0.]
 [0. 0. 0.]]",0.0,1.0,0.0,1.0,0.0,0.1504234323169035,0.5901412096656757,4.0,1.7555157396304464,0.0
166823.0,0.0,0.0,"[[0. 0. 0.]
 [0. 0. 0.]
 [0. 0. 0.]]","[[0. 0. 0.]
 [0. 0. 0.]
 [0. 0. 0.]]",0.0,0.0,0.0,0.0,0.0,0.04462546792626381,0.1530832051742554,4.0,1.6084976939362685,0.0
166824.0,0.0,0.0,"[[0. 0. 0.]
 [0. 0. 0.]
 [0. 0. 0.]]","[[0. 0. 0.]
 [0. 0. 0.]
 [0. 0. 0.]]",0.0,0.0,0.0,0.0,0.0,0.005958344995975494,0.02547788320279121,4.0,1.4502310306623705,0.0
166825.0,0.0,0.0,"[[0. 0. 0.]
 [0. 0. 0.]
 [0. 0. 0.]]","[[0. 0. 0.]
 [0. 0. 0.]
 [0. 0. 0.]]",0.0,0.0,0.0,0.0,0.0,0.11755588166043285,0.39348304709380083,4.0,1.3244291053272237,0.0
166826.0,0.0,0.0,"[[0. 0. 0.]
 [0. 0. 0.]
 [0. 0. 0.]]","[[0. 0. 0.]
 [0. 0. 0.]
 [0. 0. 0.]]",0.0,0.0,0.0,0.0,0.0,0.2819113142490387,0.8775335389944054,4.0,1.2464396694723987,0.0
166827.0,0.0,0.0,"[[0. 0. 0.]
 [0. 0. 0.]
 [0. 0. 0.]]","[[0. 0. 0.]
 [0. 0. 0.]
 [0. 0. 0.]]",0.0,0.0,0.0,0.0,0.0,0.3187764886617661,1.1963044066498734,4.0,1.179174647992185,0.0
166828.0,0.0,0.0,"[[0. 0. 0.]
 [0. 0. 0.]
 [0. 0. 0.]]","[[0. 0. 0.]
 [0. 0. 0.]
 [0. 0. 0.]]",0.0,0.0,0.0,0.0,0.0,0.4338222106269945,0.7496447799634465,4.0,1.1453774729018562,0.0
166829.0,0.0,0.0,"[[0. 0. 0.]
 [0. 0. 0.]
 [0. 0. 0.]]","[[0. 0. 0.]
 [0. 0. 0.]
 [0. 0. 0.]]",0.0,0.0,0.0,0.0,0.0,0.461561155706644,0.8636732345582723,4.0,1.1196498091074254,0.0
166830.0,5.497800000000002,0.3518592000000001,"[[0. 0. 0.]
 [0. 0. 1.]
 [0. 0. 0.]]","[[0. 0. 0.]
 [0. 0. 0.]
 [0. 0. 0.]]",0.0,0.0,1.0,1.0,0.0,0.6010442754030225,2.1435643037973398,5.0,1.114099052861032,0.0
166831.0,40.1016,2.5665024,"[[1. 0. 0.]
 [0. 0. 0.]
 [0. 0. 0.]]","[[0. 0. 0.]
 [0. 0. 0.]
 [0. 0. 0.]]",1.0,0.0,1.0,1.0,0.0,0.5101988554000854,1.7428392900466916,4.0,1.1137205380683295,0.7199930099430226
166832.0,0.0,0.0,"[[0. 0. 0.]
 [0. 0. 0.]
 [0. 0. 0.]]","[[0. 0. 0.]
 [0. 0. 0.]
 [0. 0. 0.]]",0.0,0.0,0.0,0.0,0.0,0.5185726159811019,1.7349365440263749,4.0,1.104578026353741,0.0
166833.0,42.1498,2.6975872,"[[1. 0. 0.]
 [0. 0. 0.]
 [0. 1. 0.]]","[[1. 0. 0.]
 [0. 0. 0.]
 [0. 0. 0.]]",1.0,0.0,0.0,0.0,0.0,0.28156519684314435,0.9577721735816398,5.0,1.1484385890126805,0.0
166834.0,46.892999999999994,3.001152,"[[0. 1. 1.]
 [0. 1. 0.]
 [0. 1. 0.]]","[[0. 0. 0.]
 [0. 0. 0.]
 [0. 0. 0.]]",2.0,0.0,3.0,3.0,0.0,0.36997950792949413,2.9639798339247636,7.0,1.0409265505404892,0.0
166835.0,133.8876,8.5688064,"[[0. 1. 0.]
 [0. 2. 1.]
 [1. 0. 1.]]","[[0. 0. 0.]
 [0. 0. 0.]
 [0. 0. 0.]]",3.0,0.0,5.0,5.0,0.0,0.7265475115164438,3.501959005509259,10.0,1.035485826618,0.0
166836.0,26.518799999999995,1.6972031999999997,"[[0. 1. 0.]
 [0. 1. 0.]
 [0. 0. 0.]]","[[0. 0. 0.]
 [0. 0. 0.]
 [0. 0. 0.]]",1.0,0.0,2.0,2.0,0.0,0.8617539656381685,3.6848599570688085,8.0,1.0677778893491037,0.0
166837.0,48.1866,3.0839423999999998,"[[0. 0. 0.]
 [0. 0. 1.]
 [0. 1. 0.]]","[[0. 0. 0.]
 [0. 0. 0.]
 [0. 0. 0.]]",0.0,0.0,2.0,2.0,0.0,0.7716801210426564,2.694706982680956,8.0,1.0734666518342402,0.0
166838.0,60.6914,3.8842496,"[[0. 0. 1.]
 [0. 0. 0.]
 [1. 1. 0.]]","[[0. 0. 0.]
 [1. 0. 0.]
 [0. 0. 0.]]",1.0,0.0,1.0,1.0,0.0,0.5868911807682686,1.9362713835906717,10.0,1.6580667135507081,0.0
166839.0,57.67299999999999,3.6910719999999992,"[[1. 0. 0.]
 [1. 0. 0.]
 [0. 1. 0.]]","[[0. 0. 0.]
 [0. 1. 0.]
 [0. 0. 0.]]",2.0,0.0,1.0,1.0,0.0,0.4324320053011177,1.470960709232282,10.0,2.0482158023065127,0.0
166840.0,4.851000000000001,0.3104640000000001,"[[0. 0. 0.]
 [0. 0. 0.]
 [0. 0. 1.]]","[[0. 0. 0.]
 [0. 0. 0.]
 [0. 0. 0.]]",1.0,0.0,1.0,1.0,0.0,0.2377875741124152,1.225081581827163,7.0,1.8565525026548266,0.5866750937477829
166841.0,7.006999999999994,0.4484479999999996,"[[0. 1. 0.]
 [0. 1. 0.]
 [0. 0. 0.]]","[[0. 0. 0.]
 [0. 0. 0.]
 [0. 0. 0.]]",1.0,0.0,2.0,2.0,0.0,0.33244412508437904,3.1502405292995754,7.0,1.7258114357326475,0.0
166842.0,64.35659999999999,4.118822399999999,"[[0. 0. 0.]
 [1. 0. 0.]
 [1. 0. 1.]]","[[0. 0. 0.]
 [1. 0. 0.]
 [0. 0. 0.]]",2.0,0.0,1.0,1.0,0.0,-0.05318444147706036,-0.2669008011084797,6.0,2.469890285425709,0.0
166843.0,13.151599999999997,0.8417023999999999,"[[1. 0. 0.]
 [0. 0. 0.]
 [0. 0. 0.]]","[[0. 0. 0.]
 [0. 0. 0.]
 [0. 0. 0.]]",1.0,0.0,1.0,1.0,0.0,0.3095168955624103,0.9669307817369672,7.0,2.311131564134774,0.0
166844.0,73.51960000000001,4.705254400000001,"[[0. 0. 1.]
 [0. 0. 0.]
 [0. 0. 0.]]","[[0. 0. 0.]
 [0. 0. 0.]
 [0. 0. 0.]]",0.0,1.0,0.0,1.0,0.0,0.2154656760841607,0.671908164300845,7.0,2.500298373747181,0.0
166845.0,77.6,4.9664,"[[0. 0. 0.]
 [0. 0. 0.]
 [0. 0. 1.]]","[[0. 0. 0.]
 [0. 0. 0.]
 [0. 0. 0.]]",0.0,1.0,0.0,1.0,0.0,0.034505627632141045,0.19375600027999842,7.0,2.4611603260040864,0.0
166846.0,77.6,4.9664,"[[1. 0. 0.]
 [0. 0. 0.]
 [0. 0. 0.]]","[[0. 0. 0.]
 [0. 0. 0.]
 [0. 0. 0.]]",0.0,1.0,0.0,1.0,0.0,-0.10098828542232514,-0.41647568908166893,7.0,2.342629930207691,0.0
166847.0,11.318999999999999,0.724416,"[[0. 0. 0.]
 [0. 0. 0.]
 [0. 1. 0.]]","[[0. 0. 0.]
 [0. 0. 0.]
 [0. 0. 0.]]",1.0,0.0,0.0,0.0,0.0,0.15833714397251608,0.4691846250193596,8.0,2.1066916448178774,0.0
166848.0,0.0,0.0,"[[0. 0. 0.]
 [0. 0. 0.]
 [0. 0. 0.]]","[[0. 0. 0.]
 [0. 0. 0.]
 [0. 0. 0.]]",0.0,0.0,0.0,0.0,0.0,0.20331059408187857,0.5560951369327543,8.0,1.8458365449144238,0.0
166849.0,0.0,0.0,"[[0. 0. 0.]
 [0. 0. 0.]
 [0. 0. 0.]]","[[0. 0. 0.]
 [0. 0. 0.]
 [0. 0. 0.]]",0.0,0.0,0.0,0.0,0.0,0.09840053606033326,0.35117183309211736,7.0,1.5944621554047027,0.0
166850.0,0.0,0.0,"[[0. 0. 0.]
 [0. 0. 0.]
 [0. 0. 0.]]","[[0. 0. 0.]
 [0. 0. 0.]
 [0. 0. 0.]]",0.0,0.0,0.0,0.0,0.0,0.24676636848157774,0.97127242634349,7.0,1.3862487353266164,0.0
166851.0,0.0,0.0,"[[0. 0. 0.]
 [0. 0. 0.]
 [0. 0. 0.]]","[[0. 0. 0.]
 [0. 0. 0.]
 [0. 0. 0.]]",0.0,0.0,0.0,0.0,0.0,0.5173346951553786,1.384387644235793,7.0,1.2567461011899992,0.0
166852.0,0.0,0.0,"[[0. 0. 0.]
 [0. 0. 0.]
 [0. 0. 0.]]","[[0. 0. 0.]
 [0. 0. 0.]
 [0. 0. 0.]]",0.0,0.0,0.0,0.0,0.0,0.5106948387026786,2.183731130292654,7.0,1.1253118724489601,0.0
166853.0,0.0,0.0,"[[0. 0. 0.]
 [0. 0. 0.]
 [0. 0. 0.]]","[[0. 0. 0.]
 [0. 0. 0.]
 [0. 0. 0.]]",0.0,0.0,0.0,0.0,0.0,0.4515853790044785,1.3739033570832255,7.0,0.9766821645229902,0.0
166854.0,0.0,0.0,"[[0. 0. 0.]
 [0. 0. 0.]
 [0. 0. 0.]]","[[0. 0. 0.]
 [0. 0. 0.]
 [0. 0. 0.]]",0.0,0.0,0.0,0.0,0.0,0.5463070955500009,1.4619177876918024,7.0,0.8556078650466268,0.0
166855.0,0.0,0.0,"[[0. 0. 0.]
 [0. 0. 0.]
 [0. 0. 0.]]","[[0. 0. 0.]
 [0. 0. 0.]
 [0. 0. 0.]]",0.0,0.0,0.0,0.0,0.0,0.6720352218151091,-2.2682532806703564,7.0,0.7711090204837495,0.0
166856.0,63.709799999999994,4.0774272,"[[1. 0. 1.]
 [0. 0. 0.]
 [0. 0. 1.]]","[[0. 0. 0.]
 [0. 0. 0.]
 [0. 0. 0.]]",2.0,0.0,3.0,3.0,0.0,0.9892283773347734,2.994592143867826,10.0,0.7024845484356836,0.0
166857.0,46.569599999999994,2.9804543999999997,"[[0. 1. 0.]
 [0. 0. 0.]
 [1. 0. 0.]]","[[1. 0. 0.]
 [0. 0. 0.]
 [0. 0. 0.]]",1.0,0.0,0.0,0.0,0.0,1.1091803389351225,-2.4916627133838505,11.0,0.8523551924895375,0.9200015193615496
166858.0,21.559999999999995,1.3798399999999997,"[[0. 0. 0.]
 [1. 0. 0.]
 [0. 0. 0.]]","[[0. 0. 0.]
 [0. 0. 0.]
 [0. 0. 0.]]",1.0,0.0,0.0,0.0,0.0,0.2795919069831307,6.832107839039781,8.0,0.6120967871230253,0.0
166859.0,22.637999999999998,1.448832,"[[0. 0. 0.]
 [2. 0. 0.]
 [0. 0. 0.]]","[[0. 0. 0.]
 [0. 0. 0.]
 [0. 0. 0.]]",2.0,0.0,0.0,0.0,0.0,0.37177416559055726,3.5449410237390815,9.0,0.3954290550926426,0.0
166860.0,68.45299999999999,4.380991999999999,"[[1. 1. 0.]
 [0. 0. 1.]
 [0. 0. 0.]]","[[0. 0. 0.]
 [0. 0. 0.]
 [0. 0. 0.]]",1.0,0.0,3.0,3.0,0.0,0.7272330477017183,2.899623607796291,9.0,0.3129877598785971,0.0
166861.0,0.0,0.0,"[[0. 0. 0.]
 [0. 0. 0.]
 [0. 0. 0.]]","[[0. 0. 0.]
 [0. 0. 0.]
 [0. 0. 0.]]",0.0,0.0,0.0,0.0,0.0,0.35246885133982037,1.396904551629976,4.0,0.2555241529956358,1.7734134140895086
166862.0,43.01220000000001,2.7527808000000005,"[[0. 0. 0.]
 [0. 0. 0.]
 [1. 1. 0.]]","[[0. 0. 0.]
 [0. 0. 0.]
 [0. 0. 0.]]",1.0,0.0,1.0,1.0,0.0,0.5285348042572585,1.9602298820293205,6.0,0.28967973241592915,0.0
166863.0,28.9982,1.8558848000000001,"[[1. 0. 0.]
 [0. 0. 0.]
 [0. 0. 0.]]","[[0. 0. 0.]
 [0. 0. 0.]
 [0. 0. 0.]]",1.0,0.0,1.0,1.0,0.0,0.5796620095831723,2.138257220950406,6.0,0.23070868065830652,0.0
166864.0,3.126199999999999,0.20007679999999994,"[[0. 0. 0.]
 [0. 1. 0.]
 [0. 0. 0.]]","[[0. 0. 0.]
 [0. 0. 0.]
 [0. 0. 0.]]",1.0,0.0,1.0,1.0,0.0,0.37469415075199597,1.268864272106559,5.0,0.16811061542252356,0.0
166865.0,38.48459999999999,2.4630143999999996,"[[0. 1. 0.]
 [0. 0. 0.]
 [0. 1. 0.]]","[[0. 0. 0.]
 [0. 0. 0.]
 [0. 1. 0.]]",0.0,0.0,1.0,1.0,0.0,-0.0025676535368469172,-0.010237748182116028,5.0,0.5432179734135256,0.5866750937477829
166866.0,115.11439999999999,7.3673215999999995,"[[0. 0. 1.]
 [0. 1. 0.]
 [0. 0. 1.]]","[[0. 0. 0.]
 [0. 0. 0.]
 [0. 0. 0.]]",1.0,1.0,2.0,3.0,0.0,0.020664900593459573,0.2257929698443767,7.0,0.48067101967257203,0.0
166867.0,29.645000000000003,1.8972800000000003,"[[0. 1. 0.]
 [0. 0. 0.]
 [0. 0. 0.]]","[[0. 1. 0.]
 [0. 0. 0.]
 [0. 0. 0.]]",0.0,0.0,0.0,0.0,0.0,0.2613696442246436,0.8675381231104371,5.0,0.7250565124788565,0.7199930099430226
166868.0,0.0,0.0,"[[0. 0. 0.]
 [0. 0. 0.]
 [0. 0. 0.]]","[[0. 0. 0.]
 [0. 0. 0.]
 [0. 0. 0.]]",0.0,0.0,0.0,0.0,0.0,0.3577048931121827,1.3421087589569094,4.0,0.6691161177478552,0.0
166869.0,0.0,0.0,"[[0. 0. 0.]
 [0. 0. 0.]
 [0. 0. 0.]]","[[0. 0. 0.]
 [0. 0. 0.]
 [0. 0. 0.]]",0.0,0.0,0.0,0.0,0.0,0.013183405327796886,0.036249091289310316,4.0,0.5111326977972134,0.0
166870.0,0.0,0.0,"[[0. 0. 0.]
 [0. 0. 0.]
 [0. 0. 0.]]","[[0. 0. 0.]
 [0. 0. 0.]
 [0. 0. 0.]]",0.0,0.0,0.0,0.0,0.0,0.40027208058062325,1.0948241948041206,3.0,0.5075754848752129,0.0
166871.0,0.0,0.0,"[[0. 0. 0.]
 [0. 0. 0.]
 [0. 0. 0.]]","[[0. 0. 0.]
 [0. 0. 0.]
 [0. 0. 0.]]",0.0,0.0,0.0,0.0,0.0,0.26366245529337595,0.45919453213894357,3.0,0.46427729005146773,0.0
166872.0,0.0,0.0,"[[0. 0. 0.]
 [0. 0. 0.]
 [0. 0. 0.]]","[[0. 0. 0.]
 [0. 0. 0.]
 [0. 0. 0.]]",0.0,0.0,0.0,0.0,0.0,0.19106509134894017,1.0314457891381186,3.0,0.3998598620802503,0.0
166873.0,0.0,0.0,"[[0. 0. 0.]
 [0. 0. 0.]
 [0. 0. 0.]]","[[0. 0. 0.]
 [0. 0. 0.]
 [0. 0. 0.]]",0.0,0.0,0.0,0.0,0.0,0.015444667753072086,0.021103594017797576,3.0,0.28288880237121156,0.0
166874.0,0.0,0.0,"[[0. 0. 0.]
 [0. 0. 0.]
 [0. 0. 0.]]","[[0. 0. 0.]
 [0. 0. 0.]
 [0. 0. 0.]]",0.0,0.0,0.0,0.0,0.0,0.19422701687195779,-0.2579334784059599,3.0,0.21939120727941744,0.0
166875.0,0.0,0.0,"[[0. 0. 0.]
 [0. 0. 0.]
 [0. 0. 0.]]","[[0. 0. 0.]
 [0. 0. 0.]
 [0. 0. 0.]]",0.0,0.0,0.0,0.0,0.0,0.19596233117580414,0.6585902026156425,3.0,0.1563984308941969,0.0
166876.0,0.0,0.0,"[[0. 0. 0.]
 [0. 0. 0.]
 [0. 0. 0.]]","[[0. 0. 0.]
 [0. 0. 0.]
 [0. 0. 0.]]",0.0,0.0,0.0,0.0,0.0,0.20929770289503757,0.8402046985018388,3.0,0.09728503537275326,0.0
166877.0,24.254999999999995,1.5523199999999997,"[[0. 0. 0.]
 [1. 0. 0.]
 [0. 0. 0.]]","[[1. 0. 0.]
 [0. 0. 0.]
 [0. 0. 0.]]",0.0,0.0,0.0,0.0,0.0,0.1018326979143183,0.45621048665614605,3.0,0.1969090929478277,0.0
166878.0,50.4504,3.2288256000000004,"[[2. 0. 0.]
 [0. 0. 0.]
 [0. 0. 0.]]","[[0. 0. 0.]
 [0. 0. 0.]
 [0. 0. 0.]]",2.0,0.0,2.0,2.0,0.0,0.3015926065444947,1.6138823561409001,5.0,0.1374451239425898,0.0
166879.0,90.55199999999999,5.795328,"[[0. 0. 0.]
 [0. 0. 2.]
 [0. 0. 1.]]","[[0. 0. 0.]
 [0. 1. 0.]
 [0. 0. 0.]]",0.0,0.0,2.0,2.0,0.0,0.4028907997608184,1.3492007102390287,7.0,0.43700040745030705,0.78668360316631
166880.0,122.56859999999998,7.844390399999998,"[[0. 1. 0.]
 [0. 1. 1.]
 [0. 0. 1.]]","[[0. 1. 0.]
 [0. 0. 0.]
 [0. 0. 0.]]",0.0,0.0,3.0,3.0,0.0,0.07779784044144444,0.7600537819767357,10.0,0.4811806021999021,1.053420404146486
166881.0,9.702000000000002,0.6209280000000001,"[[0. 0. 0.]
 [0. 1. 0.]
 [0. 0. 0.]]","[[0. 0. 0.]
 [0. 0. 0.]
 [0. 0. 0.]]",1.0,0.0,1.0,1.0,0.0,0.2736803740585825,1.5006442270380196,9.0,0.2424718442001543,0.0
166882.0,16.16999999999999,1.0348799999999994,"[[0. 0. 1.]
 [0. 0. 0.]
 [0. 0. 1.]]","[[0. 0. 0.]
 [0. 0. 0.]
 [0. 0. 0.]]",1.0,0.0,2.0,2.0,0.0,0.7541720250770448,2.6715789816329236,10.0,0.12103425382555125,0.0
166883.0,0.0,0.0,"[[0. 0. 0.]
 [0. 0. 0.]
 [0. 0. 0.]]","[[0. 0. 0.]
 [0. 0. 0.]
 [0. 0. 0.]]",0.0,0.0,0.0,0.0,0.0,0.7469330037922521,3.1281554198819523,8.0,0.017779201282765493,0.0
166884.0,36.9754,2.3664256,"[[0. 0. 0.]
 [0. 0. 2.]
 [0. 0. 1.]]","[[0. 0. 0.]
 [0. 0. 0.]
 [0. 0. 0.]]",1.0,0.0,3.0,3.0,0.0,0.9255619205191956,2.9825307326810564,8.0,0.02983357816107693,0.5866750937477829
166885.0,0.0,0.0,"[[0. 0. 0.]
 [0. 0. 0.]
 [0. 0. 0.]]","[[0. 0. 0.]
 [0. 0. 0.]
 [0. 0. 0.]]",0.0,0.0,0.0,0.0,0.0,0.5849470750712982,0.13009222949585672,5.0,4.4408920985006264e-17,0.0
166886.0,151.998,9.727872,"[[0. 1. 0.]
 [1. 0. 0.]
 [0. 0. 0.]]","[[0. 0. 0.]
 [0. 0. 0.]
 [0. 0. 0.]]",0.0,2.0,1.0,2.0,0.0,0.47134653352200995,1.3721840283892752,4.0,0.3331189915700392,0.0
166887.0,32.23219999999999,2.0628607999999997,"[[0. 0. 0.]
 [0. 1. 0.]
 [0. 0. 1.]]","[[0. 0. 0.]
 [0. 0. 0.]
 [0. 0. 0.]]",1.0,0.0,2.0,2.0,0.0,0.7226119668483735,2.6638367545898385,6.0,0.42373338192592974,0.0
166888.0,155.43159999999997,9.947622399999998,"[[0. 0. 0.]
 [1. 1. 0.]
 [0. 1. 0.]]","[[2. 0. 0.]
 [0. 0. 0.]
 [0. 0. 0.]]",0.0,1.0,0.0,1.0,0.0,0.3591479780375957,2.301994880029773,7.0,1.269822850134572,0.9200015193615496
166889.0,40.209399999999995,2.5734016,"[[0. 0. 0.]
 [0. 0. 0.]
 [0. 0. 1.]]","[[0. 0. 0.]
 [0. 0. 0.]
 [0. 0. 0.]]",1.0,0.0,1.0,1.0,0.0,0.12735864727533686,1.982617533864624,7.0,1.0363469945517734,0.78668360316631
166890.0,130.0986,8.3263104,"[[1. 0. 0.]
 [0. 0. 1.]
 [0. 1. 0.]]","[[0. 0. 0.]
 [0. 0. 0.]
 [0. 0. 0.]]",1.0,1.0,1.0,2.0,0.0,0.418758438718878,12.922550412113603,10.0,1.1145048295768987,0.0
166891.0,10.995600000000003,0.7037184000000002,"[[0. 0. 0.]
 [0. 0. 0.]
 [1. 0. 0.]]","[[0. 0. 0.]
 [0. 0. 0.]
 [0. 0. 0.]]",1.0,0.0,0.0,0.0,0.0,1.0176965725010862,4.0292642698463,11.0,1.0097620143044874,0.0
166892.0,0.0,0.0,"[[0. 0. 0.]
 [0. 0. 0.]
 [0. 0. 0.]]","[[0. 0. 0.]
 [0. 0. 0.]
 [0. 0. 0.]]",0.0,0.0,0.0,0.0,0.0,0.604459563195705,2.537763030120848,9.0,0.8246087261126598,0.0
166893.0,47.971000000000004,3.0701440000000004,"[[0. 0. 0.]
 [0. 0. 0.]
 [1. 1. 0.]]","[[0. 0. 0.]
 [1. 1. 0.]
 [0. 0. 0.]]",0.0,0.0,0.0,0.0,0.0,0.43869906955957405,1.1399156623435938,8.0,1.2528952187284863,0.0
166894.0,0.0,0.0,"[[0. 0. 0.]
 [0. 0. 0.]
 [0. 0. 0.]]","[[0. 0. 0.]
 [0. 0. 0.]
 [0. 0. 0.]]",0.0,0.0,0.0,0.0,0.0,0.07200775498151776,0.23491809985170353,7.0,0.9914080368668432,0.0
166895.0,0.0,0.0,"[[0. 0. 0.]
 [0. 0. 0.]
 [0. 0. 0.]]","[[0. 0. 0.]
 [0. 0. 0.]
 [0. 0. 0.]]",0.0,0.0,0.0,0.0,0.0,0.9581620082745748,2.4896881623006473,7.0,0.9901460756376285,0.0
166896.0,0.0,0.0,"[[0. 0. 0.]
 [0. 0. 0.]
 [0. 0. 0.]]","[[0. 0. 0.]
 [0. 0. 0.]
 [0. 0. 0.]]",0.0,0.0,0.0,0.0,0.0,-0.21197777525149838,-0.5633521355083821,6.0,0.6851811881736054,0.5866750937477829
166897.0,0.0,0.0,"[[0. 0. 0.]
 [0. 0. 0.]
 [0. 0. 0.]]","[[0. 0. 0.]
 [0. 0. 0.]
 [0. 0. 0.]]",0.0,0.0,0.0,0.0,0.0,0.026350526614664204,0.0812017828157492,6.0,0.4510804528935833,0.0
166898.0,0.0,0.0,"[[0. 0. 0.]
 [0. 0. 0.]
 [0. 0. 0.]]","[[0. 0. 0.]
 [0. 0. 0.]
 [0. 0. 0.]]",0.0,0.0,0.0,0.0,0.0,0.42803229116389796,1.45736434495484,6.0,0.33559893759580817,0.0
166899.0,0.0,0.0,"[[0. 0. 0.]
 [0. 0. 0.]
 [0. 0. 0.]]","[[0. 0. 0.]
 [0. 0. 0.]
 [0. 0. 0.]]",0.0,0.0,0.0,0.0,0.0,0.6488185941353439,0.9955472508412717,6.0,0.28434616498063553,0.0
166900.0,0.0,0.0,"[[0. 0. 0.]
 [0. 0. 0.]
 [0. 0. 0.]]","[[0. 0. 0.]
 [0. 0. 0.]
 [0. 0. 0.]]",0.0,0.0,0.0,0.0,0.0,0.6811059228789083,-3.3183480562660357,6.0,0.24248606981813609,0.0
166901.0,0.0,0.0,"[[0. 0. 0.]
 [0. 0. 0.]
 [0. 0. 0.]]","[[0. 0. 0.]
 [0. 0. 0.]
 [0. 0. 0.]]",0.0,0.0,0.0,0.0,0.0,0.5458170715774643,1.8020696435201562,6.0,0.16126921791339846,0.0
166902.0,0.0,0.0,"[[0. 0. 0.]
 [0. 0. 0.]
 [0. 0. 0.]]","[[0. 0. 0.]
 [0. 0. 0.]
 [0. 0. 0.]]",0.0,0.0,0.0,0.0,0.0,0.4097300430142822,2.2623654055076603,5.0,0.08046341224482599,0.0
166903.0,319.91839999999996,20.4747776,"[[1. 0. 1.]
 [3. 1. 0.]
 [0. 1. 1.]]","[[0. 0. 0.]
 [0. 1. 0.]
 [0. 0. 0.]]",4.0,2.0,4.0,4.0,0.0,0.3665724497242295,1.4102775285790556,10.0,0.3190962283740781,1.6399945293045723
166904.0,89.0428,5.6987392,"[[0. 0. 1.]
 [0. 1. 0.]
 [0. 0. 0.]]","[[1. 0. 0.]
 [0. 0. 0.]
 [0. 0. 0.]]",0.0,0.0,1.0,1.0,0.0,0.6748439349643884,5.507806259605353,12.0,0.2618114258188968,0.0
166905.0,32.34,2.06976,"[[0. 0. 0.]
 [0. 0. 0.]
 [1. 0. 0.]]","[[0. 0. 0.]
 [0. 0. 0.]
 [0. 0. 0.]]",1.0,0.0,0.0,0.0,0.0,0.4909127654117108,1.603124726728483,9.0,0.08193693323455367,0.5866750937477829
166906.0,0.0,0.0,"[[0. 0. 0.]
 [0. 0. 0.]
 [0. 0. 0.]]","[[0. 0. 0.]
 [0. 0. 0.]
 [0. 0. 0.]]",0.0,0.0,0.0,0.0,0.0,0.9264860470779653,2.413310855428684,8.0,0.03146014692996182,0.0
166907.0,0.0,0.0,"[[0. 0. 0.]
 [0. 0. 0.]
 [0. 0. 0.]]","[[0. 0. 0.]
 [0. 0. 0.]
 [0. 0. 0.]]",0.0,0.0,0.0,0.0,0.0,0.9290201600107478,2.540312725533389,7.0,0.021720557114906704,0.0
166908.0,64.35659999999999,4.118822399999999,"[[0. 0. 1.]
 [1. 0. 0.]
 [1. 0. 0.]]","[[0. 0. 1.]
 [0. 0. 0.]
 [0. 0. 0.]]",2.0,0.0,0.0,0.0,0.0,0.8378567155843034,2.983440192852588,9.0,1.0666384553911008,0.0
166909.0,23.608199999999997,1.5109247999999997,"[[0. 0. 0.]
 [0. 0. 1.]
 [0. 0. 0.]]","[[0. 0. 0.]
 [0. 0. 0.]
 [0. 0. 0.]]",0.0,0.0,1.0,1.0,0.0,0.8280534577444194,2.2642293748563405,8.0,1.0196499908102579,0.0
166910.0,21.559999999999995,1.3798399999999997,"[[0. 0. 0.]
 [0. 0. 0.]
 [0. 1. 0.]]","[[0. 0. 0.]
 [0. 0. 0.]
 [0. 1. 0.]]",0.0,0.0,0.0,0.0,0.0,0.9005520524978636,3.3269995027481074,7.0,1.6416287697187273,0.0
166911.0,18.757200000000005,1.2004608000000003,"[[0. 0. 0.]
 [1. 1. 1.]
 [0. 0. 0.]]","[[0. 0. 0.]
 [0. 0. 0.]
 [0. 0. 0.]]",2.0,0.0,2.0,2.0,0.0,1.0151335885375734,3.1907678954913004,9.0,1.667340359111476,0.0
166912.0,19.7274,1.2625536,"[[0. 0. 0.]
 [0. 0. 0.]
 [1. 0. 0.]]","[[0. 0. 0.]
 [0. 0. 0.]
 [0. 0. 0.]]",1.0,0.0,0.0,0.0,0.0,0.49867025304856194,1.5674203393822397,5.0,1.6592080690892395,1.5066766131093325
166913.0,125.032,8.002048,"[[0. 0. 0.]
 [0. 1. 0.]
 [1. 0. 0.]]","[[1. 0. 0.]
 [0. 0. 0.]
 [0. 0. 0.]]",0.0,1.0,0.0,1.0,0.0,-0.112877069764515,-0.3987721120640786,5.0,2.039408977389936,0.0
166914.0,127.08019999999999,8.1331328,"[[0. 1. 0.]
 [0. 1. 0.]
 [1. 1. 0.]]","[[0. 1. 0.]
 [0. 0. 0.]
 [0. 0. 0.]]",2.0,1.0,1.0,2.0,0.0,-0.13698026403696908,-0.4305563659210012,9.0,2.8833417284294365,0.0
166915.0,25.333,1.6213119999999999,"[[0. 0. 0.]
 [0. 0. 0.]
 [0. 1. 0.]]","[[0. 0. 0.]
 [0. 0. 0.]
 [0. 0. 0.]]",1.0,0.0,0.0,0.0,0.0,0.9350248284450993,3.2172334297138976,9.0,2.821348951249829,0.0
166916.0,43.8746,2.8079744,"[[0. 0. 0.]
 [0. 0. 0.]
 [1. 0. 0.]]","[[1. 0. 0.]
 [0. 0. 0.]
 [0. 0. 0.]]",0.0,0.0,0.0,0.0,0.0,1.081898663951971,2.875253889318758,9.0,3.0132831080358566,0.0
166917.0,77.6,4.9664,"[[0. 0. 0.]
 [0. 0. 0.]
 [1. 0. 0.]]","[[0. 0. 0.]
 [0. 0. 0.]
 [0. 0. 0.]]",0.0,1.0,1.0,1.0,0.0,0.5219694949215765,0.800909993007667,9.0,2.8771881484879964,0.0
166918.0,0.0,0.0,"[[0. 0. 0.]
 [0. 0. 0.]
 [0. 0. 0.]]","[[0. 0. 0.]
 [0. 0. 0.]
 [0. 0. 0.]]",0.0,0.0,0.0,0.0,0.0,0.5966943598435157,0.0496449707389805,8.0,2.7307719622606554,0.0
166919.0,0.0,0.0,"[[0. 0. 0.]
 [0. 0. 0.]
 [0. 0. 0.]]","[[0. 0. 0.]
 [0. 0. 0.]
 [0. 0. 0.]]",0.0,0.0,0.0,0.0,0.0,0.6490397475028431,0.6355397207547839,8.0,2.5995835251705732,0.0
166920.0,0.0,0.0,"[[0. 0. 0.]
 [0. 0. 0.]
 [0. 0. 0.]]","[[0. 0. 0.]
 [0. 0. 0.]
 [0. 0. 0.]]",0.0,0.0,0.0,0.0,0.0,-0.20169439121036667,-6.1802388577115694,8.0,2.216840155753174,0.0
166921.0,0.0,0.0,"[[0. 0. 0.]
 [0. 0. 0.]
 [0. 0. 0.]]","[[0. 0. 0.]
 [0. 0. 0.]
 [0. 0. 0.]]",0.0,0.0,0.0,0.0,0.0,0.11681373245643756,-0.25054209337256633,8.0,1.9305742006455109,0.0
166922.0,0.0,0.0,"[[0. 0. 0.]
 [0. 0. 0.]
 [0. 0. 0.]]","[[0. 0. 0.]
 [0. 0. 0.]
 [0. 0. 0.]]",0.0,0.0,0.0,0.0,0.0,0.3152596256115372,0.47768138472660115,8.0,1.7022860917325033,0.0
166923.0,0.0,0.0,"[[0. 0. 0.]
 [0. 0. 0.]
 [0. 0. 0.]]","[[0. 0. 0.]
 [0. 0. 0.]
 [0. 0. 0.]]",0.0,0.0,0.0,0.0,0.0,0.4290615260010233,1.414186789699373,8.0,1.507103990205528,0.0
166924.0,0.0,0.0,"[[0. 0. 0.]
 [0. 0. 0.]
 [0. 0. 0.]]","[[0. 0. 0.]
 [0. 0. 0.]
 [0. 0. 0.]]",0.0,0.0,0.0,0.0,0.0,0.5824866126733743,1.8052425099973215,8.0,1.3565546411650553,0.0
166925.0,0.0,0.0,"[[0. 0. 0.]
 [0. 0. 0.]
 [0. 0. 0.]]","[[0. 0. 0.]
 [0. 0. 0.]
 [0. 0. 0.]]",0.0,0.0,0.0,0.0,0.0,0.5413275961492727,1.8188607230615563,8.0,1.1940317600448438,0.0
166926.0,29.645000000000003,1.8972800000000003,"[[0. 0. 0.]
 [0. 1. 0.]
 [0. 0. 0.]]","[[0. 0. 0.]
 [0. 1. 0.]
 [0. 0. 0.]]",0.0,0.0,0.0,0.0,0.0,0.1513660263893946,0.5016875578650094,6.0,1.407985748829971,0.5866750937477829
166927.0,20.913199999999996,1.3384447999999998,"[[1. 0. 0.]
 [0. 0. 0.]
 [1. 1. 0.]]","[[0. 0. 0.]
 [0. 0. 0.]
 [0. 0. 0.]]",3.0,0.0,1.0,1.0,0.0,0.177124810360372,0.5846535740375159,7.0,1.2617120478297428,1.373358696914093
166928.0,107.3688,6.8716032,"[[1. 0. 0.]
 [0. 2. 0.]
 [0. 0. 0.]]","[[0. 0. 0.]
 [0. 0. 0.]
 [0. 0. 0.]]",2.0,1.0,3.0,3.0,0.0,0.13299214001372459,0.7751845857119978,7.0,1.100759093383103,1.053420404146486
166929.0,0.0,0.0,"[[0. 0. 0.]
 [0. 0. 0.]
 [0. 0. 0.]]","[[0. 0. 0.]
 [0. 0. 0.]
 [0. 0. 0.]]",0.0,0.0,0.0,0.0,0.0,0.4608888981491326,1.7229870568407135,6.0,0.9948358637537598,0.0
166930.0,49.6958,3.1805312,"[[0. 0. 0.]
 [0. 1. 0.]
 [1. 0. 1.]]","[[0. 0. 0.]
 [0. 0. 0.]
 [0. 0. 0.]]",3.0,0.0,2.0,2.0,0.0,0.4087776055112481,1.266556532916048,7.0,0.889352985357032,0.0
166931.0,0.5389999999999961,0.034495999999999756,"[[1. 0. 0.]
 [0. 0. 0.]
 [0. 0. 0.]]","[[0. 0. 0.]
 [0. 0. 0.]
 [0. 0. 0.]]",1.0,0.0,1.0,1.0,0.0,0.4376024567484853,1.4276342548962584,8.0,0.7332248438246357,0.0
166932.0,27.16559999999999,1.7385983999999994,"[[0. 0. 0.]
 [0. 0. 0.]
 [1. 1. 1.]]","[[0. 0. 0.]
 [0. 0. 0.]
 [0. 0. 0.]]",3.0,0.0,1.0,1.0,0.0,0.470069517314434,1.7573078835282763,7.0,0.729172339770653,0.0
166933.0,18.002599999999997,1.1521663999999998,"[[0. 0. 0.]
 [1. 0. 0.]
 [0. 0. 0.]]","[[0. 0. 0.]
 [0. 0. 0.]
 [0. 0. 0.]]",1.0,0.0,0.0,0.0,0.0,0.44541855506598954,1.7218099664630893,6.0,0.6319486466989408,0.0
166934.0,10.025399999999998,0.6416255999999999,"[[1. 0. 1.]
 [0. 0. 0.]
 [0. 0. 0.]]","[[0. 0. 0.]
 [0. 0. 0.]
 [0. 0. 0.]]",1.0,0.0,2.0,2.0,0.0,0.3384404701307801,1.171004026652499,8.0,0.4524311638715674,0.0
166935.0,14.229599999999998,0.9106943999999999,"[[0. 0. 0.]
 [0. 1. 0.]
 [0. 0. 0.]]","[[0. 0. 0.]
 [0. 0. 0.]
 [0. 0. 0.]]",1.0,0.0,1.0,1.0,0.0,0.3181462417393922,1.2911647074751493,6.0,0.33218279783211796,0.0
166936.0,69.4232,4.443084799999999,"[[0. 0. 0.]
 [1. 0. 0.]
 [0. 1. 0.]]","[[0. 0. 0.]
 [0. 1. 0.]
 [0. 0. 0.]]",1.0,0.0,0.0,0.0,0.0,0.2930368461757898,1.0954889457435701,6.0,0.759829880355984,0.0
166937.0,127.6192,8.167628800000001,"[[1. 0. 0.]
 [1. 0. 1.]
 [0. 0. 0.]]","[[0. 0. 0.]
 [0. 0. 1.]
 [0. 0. 0.]]",1.0,1.0,0.0,1.0,0.0,0.055742678274305124,0.8086255881183799,8.0,1.6993220803118212,0.0
166938.0,89.68959999999998,5.740134399999999,"[[0. 1. 0.]
 [0. 0. 1.]
 [0. 0. 1.]]","[[0. 0. 0.]
 [0. 0. 0.]
 [0. 0. 1.]]",0.0,0.0,2.0,2.0,0.0,0.1501881258003412,0.5769627040745907,11.0,2.1266214255241467,0.0
166939.0,7.330399999999999,0.46914559999999994,"[[1. 0. 0.]
 [0. 0. 0.]
 [0. 0. 0.]]","[[0. 0. 0.]
 [0. 0. 0.]
 [0. 0. 0.]]",1.0,0.0,1.0,1.0,0.0,0.34069777115305516,0.9465946873716484,9.0,1.956022923734152,0.9200015193615496
166940.0,28.9982,1.8558848000000001,"[[0. 0. 0.]
 [1. 0. 0.]
 [0. 0. 0.]]","[[0. 0. 0.]
 [1. 0. 0.]
 [0. 0. 0.]]",0.0,0.0,0.0,0.0,0.0,0.15208212754918154,0.46780462434128245,8.0,2.050506690365788,0.9866428903054607
166941.0,127.95859999999999,8.1893504,"[[0. 0. 1.]
 [1. 0. 0.]
 [0. 0. 0.]]","[[0. 0. 0.]
 [0. 0. 0.]
 [0. 0. 0.]]",0.0,2.0,1.0,2.0,0.0,0.36623139283545114,0.49895364959901867,10.0,2.0005974191315805,0.0
166942.0,77.6,4.9664,"[[0. 1. 0.]
 [0. 0. 0.]
 [0. 0. 0.]]","[[0. 0. 0.]
 [0. 0. 0.]
 [0. 0. 0.]]",0.0,1.0,1.0,1.0,0.0,0.5613001930147327,1.386186956669184,8.0,1.91594411721082,0.0
166943.0,0.0,0.0,"[[0. 0. 0.]
 [0. 0. 0.]
 [0. 0. 0.]]","[[0. 0. 0.]
 [0. 0. 0.]
 [0. 0. 0.]]",0.0,0.0,0.0,0.0,0.0,0.4584553920804645,3.781706838193335,8.0,1.7286626431926055,0.0
166944.0,0.0,0.0,"[[0. 0. 0.]
 [0. 0. 0.]
 [0. 0. 0.]]","[[0. 0. 0.]
 [0. 0. 0.]
 [0. 0. 0.]]",0.0,0.0,0.0,0.0,0.0,0.38950637761504464,1.0794000736468117,8.0,1.5211718196300603,0.0
166945.0,0.0,0.0,"[[0. 0. 0.]
 [0. 0. 0.]
 [0. 0. 0.]]","[[0. 0. 0.]
 [0. 0. 0.]
 [0. 0. 0.]]",0.0,0.0,0.0,0.0,0.0,0.7483661513328552,2.504931181741333,8.0,1.4188783363814363,0.0
166946.0,0.0,0.0,"[[0. 0. 0.]
 [0. 0. 0.]
 [0. 0. 0.]]","[[0. 0. 0.]
 [0. 0. 0.]
 [0. 0. 0.]]",0.0,0.0,0.0,0.0,0.0,0.49380449157953266,0.17579439900231364,8.0,1.2425305521136643,0.0
166947.0,0.0,0.0,"[[0. 0. 0.]
 [0. 0. 0.]
 [0. 0. 0.]]","[[0. 0. 0.]
 [0. 0. 0.]
 [0. 0. 0.]]",0.0,0.0,0.0,0.0,0.0,0.7659812572945479,1.7684975268416523,8.0,1.1453614633266236,0.0
166948.0,0.0,0.0,"[[0. 0. 0.]
 [0. 0. 0.]
 [0. 0. 0.]]","[[0. 0. 0.]
 [0. 0. 0.]
 [0. 0. 0.]]",0.0,0.0,0.0,0.0,0.0,0.4330970926035775,1.6059240193740654,8.0,0.9497040320249616,0.0
166949.0,0.0,0.0,"[[0. 0. 0.]
 [0. 0. 0.]
 [0. 0. 0.]]","[[0. 0. 0.]
 [0. 0. 0.]
 [0. 0. 0.]]",0.0,0.0,0.0,0.0,0.0,0.41891468545897315,1.7366527200387192,7.0,0.7914904284725715,0.0
166950.0,56.379400000000004,3.6082816,"[[0. 0. 0.]
 [0. 0. 0.]
 [0. 1. 0.]]","[[0. 0. 0.]
 [0. 0. 0.]
 [0. 0. 0.]]",0.0,0.0,1.0,1.0,0.0,0.7525958969292761,2.63830017627527,8.0,0.7212274166701792,0.0
166951.0,191.23719999999997,12.239180799999998,"[[1. 1. 0.]
 [1. 0. 0.]
 [1. 0. 1.]]","[[0. 0. 0.]
 [0. 1. 0.]
 [0. 0. 0.]]",1.0,2.0,3.0,3.0,0.0,0.7437851229025321,2.8359039166027684,11.0,0.9080012706054612,0.0
166952.0,0.0,0.0,"[[0. 0. 0.]
 [0. 0. 0.]
 [0. 0. 0.]]","[[0. 0. 0.]
 [0. 0. 0.]
 [0. 0. 0.]]",0.0,0.0,0.0,0.0,0.0,0.5896969279055768,2.1148890622405556,9.0,0.7185779152984025,0.7199930099430226
166953.0,0.0,0.0,"[[0. 0. 0.]
 [0. 0. 0.]
 [0. 0. 0.]]","[[0. 0. 0.]
 [0. 0. 0.]
 [0. 0. 0.]]",0.0,0.0,0.0,0.0,0.0,0.5023443216085433,1.8606833672380403,8.0,0.5431532275875377,0.9200015193615496
166954.0,53.89999999999999,3.4495999999999993,"[[0. 0. 1.]
 [0. 0. 1.]
 [0. 1. 0.]]","[[1. 0. 0.]
 [0. 0. 0.]
 [0. 0. 0.]]",0.0,0.0,2.0,2.0,0.0,0.6020323991477488,2.1600922481421225,11.0,0.47515362110470827,0.0
166955.0,64.4644,4.1257216,"[[1. 0. 0.]
 [0. 0. 0.]
 [1. 1. 0.]]","[[1. 0. 0.]
 [0. 0. 0.]
 [0. 0. 0.]]",1.0,0.0,1.0,1.0,0.0,1.2747265665709304,4.571679358349974,12.0,0.6867831677435244,0.0
166956.0,0.0,0.0,"[[0. 0. 0.]
 [0. 0. 0.]
 [0. 0. 0.]]","[[0. 0. 0.]
 [0. 0. 0.]
 [0. 0. 0.]]",0.0,0.0,0.0,0.0,0.0,0.44332709839800877,1.2115242945020748,10.0,0.41352865737633826,0.0
166957.0,17.787,1.138368,"[[0. 0. 0.]
 [0. 0. 0.]
 [0. 0. 1.]]","[[0. 0. 0.]
 [0. 0. 0.]
 [0. 0. 0.]]",1.0,0.0,1.0,1.0,0.0,0.8905643890367869,3.395543902519454,9.0,0.32660193418704,0.0
166958.0,6.791400000000003,0.4346496000000002,"[[0. 0. 0.]
 [0. 0. 0.]
 [0. 0. 1.]]","[[0. 0. 0.]
 [0. 0. 0.]
 [0. 0. 0.]]",1.0,0.0,1.0,1.0,0.0,0.4833067741788146,1.7333314149148968,8.0,0.1620002684936043,0.0
166959.0,3.0183999999999944,0.19317759999999964,"[[0. 0. 0.]
 [0. 0. 0.]
 [1. 0. 0.]]","[[0. 0. 0.]
 [0. 0. 0.]
 [0. 0. 0.]]",1.0,0.0,0.0,0.0,0.0,0.2882251668210488,1.0067128626725592,6.0,0.03442689478408653,1.253379691285637
166960.0,13.259400000000001,0.8486016000000001,"[[0. 0. 0.]
 [0. 0. 1.]
 [0. 0. 0.]]","[[0. 0. 0.]
 [0. 0. 0.]
 [0. 0. 0.]]",0.0,0.0,1.0,1.0,0.0,0.05451797176858741,0.2104393710267474,2.0,0.0010866683894937834,2.6266374196100326
166961.0,146.3764,9.3680896,"[[0. 0. 1.]
 [1. 0. 0.]
 [0. 1. 0.]]","[[0. 0. 0.]
 [0. 1. 0.]
 [0. 0. 0.]]",1.0,1.0,0.0,1.0,0.0,0.0036262952014803063,0.026213762752460838,4.0,0.6174399508660376,0.5866750937477829
166962.0,8.084999999999996,0.5174399999999997,"[[0. 0. 0.]
 [0. 0. 0.]
 [0. 0. 1.]]","[[0. 0. 0.]
 [0. 0. 0.]
 [0. 0. 0.]]",1.0,0.0,1.0,1.0,0.0,0.11501020552590487,0.7309128581582305,4.0,0.49996797495475975,0.0
166963.0,158.0348,10.1142272,"[[0. 0. 0.]
 [1. 0. 0.]
 [1. 1. 1.]]","[[0. 0. 0.]
 [0. 0. 0.]
 [0. 0. 0.]]",3.0,1.0,1.0,2.0,0.0,0.2285106101408601,0.936527884601301,7.0,0.7783944760275802,0.0
166964.0,210.5014,13.4720896,"[[0. 1. 0.]
 [0. 0. 0.]
 [0. 0. 2.]]","[[0. 1. 0.]
 [0. 0. 0.]
 [0. 0. 0.]]",0.0,2.0,0.0,2.0,0.0,1.2625553389462523,4.144211644557178,10.0,1.4046020403073063,0.0
166965.0,0.0,0.0,"[[0. 0. 0.]
 [0. 0. 0.]
 [0. 0. 0.]]","[[0. 0. 0.]
 [0. 0. 0.]
 [0. 0. 0.]]",0.0,0.0,0.0,0.0,0.0,0.37052493504809536,1.1263958025462097,9.0,1.1502383085434489,0.0
166966.0,0.0,0.0,"[[0. 0. 0.]
 [0. 0. 0.]
 [0. 0. 0.]]","[[0. 0. 0.]
 [0. 0. 0.]
 [0. 0. 0.]]",0.0,0.0,0.0,0.0,0.0,0.5808442572314375,1.30109113619842,7.0,1.0392111833744127,0.0
166967.0,0.0,0.0,"[[0. 0. 0.]
 [0. 0. 0.]
 [0. 0. 0.]]","[[0. 0. 0.]
 [0. 0. 0.]
 [0. 0. 0.]]",0.0,0.0,0.0,0.0,0.0,0.7731421162740242,2.6899160509405853,6.0,1.0241252535632193,0.0
166968.0,0.0,0.0,"[[0. 0. 0.]
 [0. 0. 0.]
 [0. 0. 0.]]","[[0. 0. 0.]
 [0. 0. 0.]
 [0. 0. 0.]]",0.0,0.0,0.0,0.0,0.0,0.4032937033913677,1.066308551766773,6.0,0.9014470581861628,0.0
166969.0,0.0,0.0,"[[0. 0. 0.]
 [0. 0. 0.]
 [0. 0. 0.]]","[[0. 0. 0.]
 [0. 0. 0.]
 [0. 0. 0.]]",0.0,0.0,0.0,0.0,0.0,0.7394864079221761,2.889912882159864,6.0,0.8765703768544324,0.0
166970.0,0.0,0.0,"[[0. 0. 0.]
 [0. 0. 0.]
 [0. 0. 0.]]","[[0. 0. 0.]
 [0. 0. 0.]
 [0. 0. 0.]]",0.0,0.0,0.0,0.0,0.0,0.29128748307115143,0.6571445618085175,6.0,0.7213085537478583,0.0
166971.0,0.0,0.0,"[[0. 0. 0.]
 [0. 0. 0.]
 [0. 0. 0.]]","[[0. 0. 0.]
 [0. 0. 0.]
 [0. 0. 0.]]",0.0,0.0,0.0,0.0,0.0,0.3150320277479345,1.1061404558285477,6.0,0.5729542345472572,0.0
166972.0,0.0,0.0,"[[0. 0. 0.]
 [0. 0. 0.]
 [0. 0. 0.]]","[[0. 0. 0.]
 [0. 0. 0.]
 [0. 0. 0.]]",0.0,0.0,0.0,0.0,0.0,0.5002997645409383,1.8226921021755462,6.0,0.47849598423189393,0.0
166973.0,0.0,0.0,"[[0. 0. 0.]
 [0. 0. 0.]
 [0. 0. 0.]]","[[0. 0. 0.]
 [0. 0. 0.]
 [0. 0. 0.]]",0.0,0.0,0.0,0.0,0.0,0.5138201062977314,1.8727715234339717,6.0,0.38797092424577945,0.0
166974.0,0.0,0.0,"[[0. 0. 0.]
 [0. 0. 0.]
 [0. 0. 0.]]","[[0. 0. 0.]
 [0. 0. 0.]
 [0. 0. 0.]]",0.0,0.0,0.0,0.0,0.0,0.5458660323023794,1.9066008776257506,6.0,0.30676831546101707,0.0
166975.0,125.80259999999998,8.0513664,"[[0. 1. 0.]
 [1. 0. 1.]
 [1. 0. 0.]]","[[1. 0. 0.]
 [0. 0. 0.]
 [0. 0. 0.]]",0.0,0.0,3.0,3.0,0.0,0.6865036901856698,2.7416211371254913,8.0,0.5996784798786665,0.0
166976.0,37.73,2.41472,"[[1. 0. 0.]
 [0. 0. 0.]
 [0. 0. 0.]]","[[0. 0. 0.]
 [0. 0. 0.]
 [0. 0. 0.]]",1.0,0.0,1.0,1.0,0.0,0.06507337507665477,1.1271749737277832,7.0,0.3578093672059584,1.7066851225278596
166977.0,96.3732,6.1678847999999995,"[[1. 1. 0.]
 [0. 0. 0.]
 [0. 1. 0.]]","[[0. 0. 0.]
 [0. 1. 0.]
 [0. 0. 0.]]",1.0,0.0,2.0,2.0,0.0,0.17207843175157908,0.7797217899527552,9.0,0.44861923456553326,0.0
166978.0,11.5346,0.7382143999999999,"[[0. 0. 0.]
 [0. 0. 0.]
 [0. 1. 0.]]","[[0. 0. 0.]
 [0. 0. 0.]
 [0. 0. 0.]]",1.0,0.0,0.0,0.0,0.0,0.7466654367569119,3.0690936112456106,10.0,0.30303099798572597,0.0
166979.0,117.71759999999998,7.533926399999999,"[[1. 0. 0.]
 [1. 0. 1.]
 [1. 0. 0.]]","[[0. 0. 0.]
 [0. 0. 0.]
 [0. 0. 0.]]",3.0,0.0,2.0,2.0,0.0,1.2575233419409455,4.584427095379911,13.0,0.19205597018672818,0.0
166980.0,5.066600000000001,0.32426240000000006,"[[0. 0. 0.]
 [0. 0. 0.]
 [0. 1. 0.]]","[[0. 0. 0.]
 [0. 0. 0.]
 [0. 0. 0.]]",1.0,0.0,0.0,0.0,0.0,1.0278435667753218,2.9486776243650348,9.0,0.1522650077940945,0.0
166981.0,9.162999999999997,0.5864319999999998,"[[0. 0. 0.]
 [0. 0. 0.]
 [0. 1. 0.]]","[[0. 0. 0.]
 [0. 0. 0.]
 [0. 0. 0.]]",1.0,0.0,0.0,0.0,0.0,0.7552202255725857,2.079574413136672,6.0,0.13796543705157407,0.0
166982.0,200.4002,12.825612800000002,"[[0. 0. 1.]
 [2. 0. 2.]
 [0. 0. 1.]]","[[0. 0. 0.]
 [0. 0. 0.]
 [0. 0. 0.]]",2.0,1.0,4.0,5.0,0.0,0.49836181952471637,1.7773575931529484,10.0,1.1776941081269705,0.5866750937477829
166983.0,77.6,4.9664,"[[0. 0. 0.]
 [0. 0. 0.]
 [1. 0. 0.]]","[[0. 0. 0.]
 [0. 0. 0.]
 [0. 0. 0.]]",0.0,1.0,0.0,1.0,0.0,0.4778411769235965,2.221005790340876,9.0,2.348115701186067,0.0
166984.0,0.0,0.0,"[[0. 0. 0.]
 [0. 0. 0.]
 [0. 0. 0.]]","[[0. 0. 0.]
 [0. 0. 0.]
 [0. 0. 0.]]",0.0,0.0,0.0,0.0,0.0,0.5242641032263637,8.506499633309687,7.0,2.2206288948519184,0.0
166985.0,107.6762,6.8912768,"[[0. 1. 1.]
 [1. 0. 0.]
 [0. 0. 0.]]","[[0. 1. 0.]
 [0. 0. 0.]
 [0. 0. 0.]]",1.0,1.0,0.0,1.0,0.0,0.49735226191580284,1.7741549887060517,9.0,3.004123245643312,0.0
166986.0,71.90259999999999,4.6017664,"[[0. 0. 0.]
 [0. 1. 0.]
 [0. 0. 0.]]","[[0. 0. 0.]
 [0. 0. 0.]
 [0. 0. 0.]]",0.0,1.0,0.0,1.0,0.0,0.2916047582361381,1.750561684643184,7.0,3.221011279987599,0.9200015193615496
166987.0,27.165599999999994,1.7385983999999997,"[[0. 0. 0.]
 [0. 0. 0.]
 [0. 0. 1.]]","[[0. 0. 0.]
 [0. 0. 0.]
 [0. 0. 0.]]",1.0,0.0,1.0,1.0,0.0,0.7147895365953443,2.4691689752149575,7.0,3.168150054269881,0.0
166988.0,0.0,0.0,"[[0. 0. 0.]
 [0. 0. 0.]
 [0. 0. 0.]]","[[0. 0. 0.]
 [0. 0. 0.]
 [0. 0. 0.]]",0.0,0.0,0.0,0.0,0.0,0.23821757754683495,0.8522472054315549,6.0,2.9974497131925966,0.0
166989.0,0.0,0.0,"[[0. 0. 0.]
 [0. 0. 0.]
 [0. 0. 0.]]","[[0. 0. 0.]
 [0. 0. 0.]
 [0. 0. 0.]]",0.0,0.0,0.0,0.0,0.0,0.5108760150671003,1.492984066432094,6.0,2.906068190303026,0.0
166990.0,38.16120000000001,2.4423168000000004,"[[1. 0. 0.]
 [0. 0. 0.]
 [0. 0. 0.]]","[[1. 0. 0.]
 [0. 0. 0.]
 [0. 0. 0.]]",0.0,0.0,0.0,0.0,0.0,0.6703406156301499,2.2405464736822127,6.0,3.279476369395433,0.0
166991.0,0.0,0.0,"[[0. 0. 0.]
 [0. 0. 0.]
 [0. 0. 0.]]","[[0. 0. 0.]
 [0. 0. 0.]
 [0. 0. 0.]]",0.0,0.0,0.0,0.0,0.0,0.019777413815259937,0.05229148212754711,6.0,3.0435804860826243,0.0
166992.0,0.0,0.0,"[[0. 0. 0.]
 [0. 0. 0.]
 [0. 0. 0.]]","[[0. 0. 0.]
 [0. 0. 0.]
 [0. 0. 0.]]",0.0,0.0,0.0,0.0,0.0,0.5061123867429751,1.6717904358893954,6.0,2.950813180407854,0.0
166993.0,0.0,0.0,"[[0. 0. 0.]
 [0. 0. 0.]
 [0. 0. 0.]]","[[0. 0. 0.]
 [0. 0. 0.]
 [0. 0. 0.]]",0.0,0.0,0.0,0.0,0.0,0.06609294349414052,0.23772309915972462,6.0,2.728897777736287,0.0
166994.0,0.0,0.0,"[[0. 0. 0.]
 [0. 0. 0.]
 [0. 0. 0.]]","[[0. 0. 0.]
 [0. 0. 0.]
 [0. 0. 0.]]",0.0,0.0,0.0,0.0,0.0,0.18266709198340478,0.6511716495024413,6.0,2.5420372954041865,0.0
166995.0,0.0,0.0,"[[0. 0. 0.]
 [0. 0. 0.]
 [0. 0. 0.]]","[[0. 0. 0.]
 [0. 0. 0.]
 [0. 0. 0.]]",0.0,0.0,0.0,0.0,0.0,0.5716523614710629,2.310390184121448,6.0,2.4683361641957684,0.0
166996.0,0.0,0.0,"[[0. 0. 0.]
 [0. 0. 0.]
 [0. 0. 0.]]","[[0. 0. 0.]
 [0. 0. 0.]
 [0. 0. 0.]]",0.0,0.0,0.0,0.0,0.0,0.36793113070799754,1.8187571653157732,6.0,2.335370674947186,0.0
166997.0,55.301399999999994,3.5392895999999996,"[[1. 0. 0.]
 [0. 0. 0.]
 [0. 0. 0.]]","[[1. 0. 0.]
 [0. 0. 0.]
 [0. 0. 0.]]",0.0,0.0,0.0,0.0,0.0,0.3848697193861008,1.3667493474839212,7.0,2.3221327751322334,0.0
166998.0,0.0,0.0,"[[0. 0. 0.]
 [0. 0. 0.]
 [0. 0. 0.]]","[[0. 0. 0.]
 [0. 0. 0.]
 [0. 0. 0.]]",0.0,0.0,0.0,0.0,0.0,0.33873748879584,1.2546836584997885,7.0,2.1406745900546595,0.0
166999.0,54.439,3.484096,"[[0. 0. 0.]
 [0. 1. 1.]
 [0. 0. 0.]]","[[0. 0. 0.]
 [0. 2. 0.]
 [0. 0. 0.]]",0.0,0.0,0.0,0.0,0.0,0.0287613446712493,0.10358685896797148,9.0,2.3037429011136172,0.0
167000.0,43.551199999999994,2.7872768,"[[0. 0. 0.]
 [0. 0. 0.]
 [0. 1. 0.]]","[[0. 0. 0.]
 [0. 0. 0.]
 [0. 0. 0.]]",0.0,0.0,1.0,1.0,0.0,-0.1675661976214165,-0.7643699670698535,9.0,1.929671128709266,0.0
167001.0,95.18740000000001,6.091993600000001,"[[0. 1. 0.]
 [0. 2. 0.]
 [0. 0. 0.]]","[[0. 0. 0.]
 [0. 0. 0.]
 [0. 0. 0.]]",2.0,1.0,3.0,3.0,0.0,0.4083013630665566,1.740670371025344,12.0,1.6537976219273565,0.0
167002.0,2.9105999999999987,0.18627839999999993,"[[0. 0. 0.]
 [0. 1. 0.]
 [0. 0. 0.]]","[[0. 0. 0.]
 [0. 0. 0.]
 [0. 0. 0.]]",1.0,0.0,1.0,1.0,0.0,0.7864282904285227,2.707200746971146,12.0,1.431562832602627,0.0
167003.0,17.032400000000003,1.0900736000000002,"[[0. 0. 0.]
 [0. 0. 0.]
 [1. 0. 0.]]","[[0. 0. 0.]
 [0. 0. 0.]
 [0. 0. 0.]]",1.0,0.0,0.0,0.0,0.0,0.5590187094616142,1.5880603498385537,10.0,1.210138035195975,0.0
167004.0,153.1678,9.8027392,"[[0. 0. 0.]
 [1. 0. 1.]
 [1. 1. 1.]]","[[0. 0. 0.]
 [0. 0. 0.]
 [0. 0. 0.]]",3.0,1.0,2.0,3.0,0.0,1.0664405037980105,2.9851802582313907,13.0,1.7120346418667134,1.373358696914093
167005.0,67.5906,4.3257984,"[[1. 1. 0.]
 [0. 0. 0.]
 [0. 2. 0.]]","[[0. 0. 0.]
 [0. 0. 0.]
 [0. 0. 0.]]",2.0,0.0,3.0,3.0,0.0,1.1962597720026966,3.1858790247975817,13.0,1.6892374846311347,0.0
167006.0,126.66499999999999,8.10656,"[[0. 1. 0.]
 [0. 1. 1.]
 [3. 0. 1.]]","[[0. 0. 0.]
 [0. 0. 1.]
 [0. 0. 0.]]",3.0,0.0,3.0,3.0,0.0,1.3740815037929968,4.400358607746694,17.0,2.378970285734552,0.5866750937477829
167007.0,73.51960000000001,4.705254400000001,"[[0. 0. 0.]
 [0. 1. 1.]
 [0. 1. 0.]]","[[0. 0. 0.]
 [0. 0. 0.]
 [0. 0. 0.]]",2.0,0.0,2.0,2.0,0.0,1.8172043604971633,6.584094838953321,17.0,2.274811554242818,0.0
167008.0,14.337400000000002,0.9175936000000001,"[[0. 1. 0.]
 [0. 0. 0.]
 [0. 0. 0.]]","[[0. 0. 0.]
 [0. 0. 0.]
 [0. 0. 0.]]",0.0,0.0,1.0,1.0,0.0,0.7451227688491344,10.493712978256129,11.0,2.076872140770896,1.8400030387230992
167009.0,41.71860000000001,2.6699904000000005,"[[0. 0. 0.]
 [1. 0. 0.]
 [0. 0. 0.]]","[[0. 0. 0.]
 [0. 0. 0.]
 [0. 0. 0.]]",1.0,0.0,0.0,0.0,0.0,0.6895834396034477,6.713232701227478,10.0,1.8812683210301662,0.0
167010.0,42.68879999999999,2.7320831999999995,"[[0. 0. 0.]
 [1. 1. 0.]
 [0. 0. 0.]]","[[0. 0. 0.]
 [0. 1. 0.]
 [0. 0. 0.]]",1.0,0.0,0.0,0.0,0.0,0.5046030587516723,2.235593391493409,9.0,3.1081772934285374,0.0
167011.0,0.0,0.0,"[[0. 0. 0.]
 [0. 0. 0.]
 [0. 0. 0.]]","[[0. 0. 0.]
 [0. 0. 0.]
 [0. 0. 0.]]",0.0,0.0,0.0,0.0,0.0,0.325597708301092,1.3880881500292155,7.0,2.9225428727795144,0.0
167012.0,0.0,0.0,"[[0. 0. 0.]
 [0. 0. 0.]
 [0. 0. 0.]]","[[0. 0. 0.]
 [0. 0. 0.]
 [0. 0. 0.]]",0.0,0.0,0.0,0.0,0.0,0.010121844490762172,0.03668156443452211,6.0,2.683959508118052,0.0
167013.0,0.0,0.0,"[[0. 0. 0.]
 [0. 0. 0.]
 [0. 0. 0.]]","[[0. 0. 0.]
 [0. 0. 0.]
 [0. 0. 0.]]",0.0,0.0,0.0,0.0,0.0,-0.09623067963123322,-0.389926713865757,4.0,2.494810841386392,0.0
167014.0,0.0,0.0,"[[0. 0. 0.]
 [0. 0. 0.]
 [0. 0. 0.]]","[[0. 0. 0.]
 [0. 0. 0.]
 [0. 0. 0.]]",0.0,0.0,0.0,0.0,0.0,0.043305018424987796,0.1707603486534119,4.0,2.3474086649282064,0.0
167015.0,77.6,4.9664,"[[0. 1. 0.]
 [0. 0. 0.]
 [0. 0. 0.]]","[[0. 0. 0.]
 [0. 0. 0.]
 [0. 0. 0.]]",0.0,1.0,0.0,1.0,0.0,-0.11302737897634507,-0.41304725373115536,5.0,2.3852315784183897,0.0
167016.0,0.0,0.0,"[[0. 0. 0.]
 [0. 0. 0.]
 [0. 0. 0.]]","[[0. 0. 0.]
 [0. 0. 0.]
 [0. 0. 0.]]",0.0,0.0,0.0,0.0,0.0,0.0017248339751429753,0.006482616012177344,5.0,2.185733348302068,0.0
167017.0,0.0,0.0,"[[0. 0. 0.]
 [0. 0. 0.]
 [0. 0. 0.]]","[[0. 0. 0.]
 [0. 0. 0.]
 [0. 0. 0.]]",0.0,0.0,0.0,0.0,0.0,0.01780595946157757,0.05958586274222319,5.0,1.9909132637817997,0.0
167018.0,0.0,0.0,"[[0. 0. 0.]
 [0. 0. 0.]
 [0. 0. 0.]]","[[0. 0. 0.]
 [0. 0. 0.]
 [0. 0. 0.]]",0.0,0.0,0.0,0.0,0.0,-0.0448741724530309,-0.16111622877536216,5.0,1.7773206932761676,0.0
167019.0,0.0,0.0,"[[0. 0. 0.]
 [0. 0. 0.]
 [0. 0. 0.]]","[[0. 0. 0.]
 [0. 0. 0.]
 [0. 0. 0.]]",0.0,0.0,0.0,0.0,0.0,0.15077268028259277,0.547726992930603,5.0,1.6211818366311035,0.0
167020.0,0.0,0.0,"[[0. 0. 0.]
 [0. 0. 0.]
 [0. 0. 0.]]","[[0. 0. 0.]
 [0. 0. 0.]
 [0. 0. 0.]]",0.0,0.0,0.0,0.0,0.0,0.08684897014498712,0.3146711886293173,5.0,1.4464469915823726,0.0
167021.0,0.0,0.0,"[[0. 0. 0.]
 [0. 0. 0.]
 [0. 0. 0.]]","[[0. 0. 0.]
 [0. 0. 0.]
 [0. 0. 0.]]",0.0,0.0,0.0,0.0,0.0,0.11515358536127884,0.4502965801967448,5.0,1.2799462164147446,0.0
167022.0,0.0,0.0,"[[0. 0. 0.]
 [0. 0. 0.]
 [0. 0. 0.]]","[[0. 0. 0.]
 [0. 0. 0.]
 [0. 0. 0.]]",0.0,0.0,0.0,0.0,0.0,0.3969766776324864,1.638719725266904,5.0,1.1954303408169225,0.0
167023.0,0.0,0.0,"[[0. 0. 0.]
 [0. 0. 0.]
 [0. 0. 0.]]","[[0. 0. 0.]
 [0. 0. 0.]
 [0. 0. 0.]]",0.0,0.0,0.0,0.0,0.0,0.30816577385365956,1.1564845161180113,5.0,1.0850785659379871,0.0
167024.0,21.559999999999995,1.3798399999999997,"[[0. 0. 0.]
 [0. 1. 0.]
 [0. 0. 0.]]","[[0. 0. 0.]
 [0. 0. 0.]
 [0. 0. 0.]]",1.0,0.0,1.0,1.0,0.0,0.3083263331055641,1.4311275077427865,6.0,1.0147734992050603,0.0
167025.0,19.188399999999994,1.2280575999999996,"[[0. 0. 0.]
 [0. 0. 0.]
 [0. 0. 1.]]","[[0. 0. 0.]
 [0. 0. 0.]
 [0. 0. 0.]]",1.0,0.0,1.0,1.0,0.0,0.3208308234214782,1.7922893119617458,6.0,0.9569061023822176,0.0
167026.0,51.744,3.311616,"[[0. 0. 1.]
 [0. 1. 0.]
 [0. 0. 0.]]","[[0. 0. 0.]
 [0. 0. 0.]
 [0. 0. 0.]]",1.0,0.0,2.0,2.0,0.0,0.6353431532724229,2.510367867209997,7.0,0.8697332015160134,0.0
167027.0,0.0,0.0,"[[0. 0. 0.]
 [0. 0. 0.]
 [0. 0. 0.]]","[[0. 0. 0.]
 [0. 0. 0.]
 [0. 0. 0.]]",0.0,0.0,0.0,0.0,0.0,0.7535864384863704,2.6918107582733093,7.0,0.808958347257503,0.0
167028.0,79.233,5.070912000000001,"[[0. 0. 0.]
 [0. 0. 1.]
 [1. 1. 0.]]","[[0. 0. 0.]
 [0. 0. 0.]
 [0. 0. 0.]]",2.0,0.0,1.0,1.0,0.0,0.9237731671563629,3.297500697481353,8.0,0.7836923595211723,0.0
167029.0,23.9316,1.5316224,"[[0. 0. 0.]
 [0. 0. 1.]
 [0. 0. 0.]]","[[0. 0. 0.]
 [0. 0. 0.]
 [0. 0. 0.]]",0.0,0.0,1.0,1.0,0.0,0.46936144666064294,1.6758081091571597,5.0,0.7514338712769958,1.1199608065007003
167030.0,0.0,0.0,"[[0. 0. 0.]
 [0. 0. 0.]
 [0. 0. 0.]]","[[0. 0. 0.]
 [0. 0. 0.]
 [0. 0. 0.]]",0.0,0.0,0.0,0.0,0.0,0.3937825113863891,1.4292730033280379,4.0,0.7059887836803089,0.0
167031.0,93.5704,5.988505600000001,"[[0. 0. 0.]
 [0. 1. 0.]
 [0. 0. 1.]]","[[0. 0. 0.]
 [0. 0. 0.]
 [0. 0. 0.]]",0.0,1.0,1.0,2.0,0.0,0.14965135812759403,0.8360123470439913,4.0,1.1223237242265183,0.0
167032.0,75.8912,4.8570368,"[[0. 1. 0.]
 [1. 0. 1.]
 [0. 0. 0.]]","[[0. 0. 0.]
 [0. 0. 0.]
 [0. 0. 0.]]",0.0,0.0,3.0,3.0,0.0,0.5809904737472535,2.1008615530700685,6.0,1.2897391347711737,0.0
167033.0,0.0,0.0,"[[0. 0. 0.]
 [0. 0. 0.]
 [0. 0. 0.]]","[[0. 0. 0.]
 [0. 0. 0.]
 [0. 0. 0.]]",0.0,0.0,0.0,0.0,0.0,0.5089958530664445,2.524212234527112,6.0,1.1978106556632304,0.0
167034.0,29.645000000000003,1.8972800000000003,"[[0. 0. 0.]
 [0. 0. 0.]
 [0. 0. 1.]]","[[0. 0. 0.]
 [0. 0. 1.]
 [0. 0. 0.]]",0.0,0.0,0.0,0.0,0.0,-0.11735725023783213,-1.8661680503819114,7.0,1.452109563937507,0.0
167035.0,0.0,0.0,"[[0. 0. 0.]
 [0. 0. 0.]
 [0. 0. 0.]]","[[0. 0. 0.]
 [0. 0. 0.]
 [0. 0. 0.]]",0.0,0.0,0.0,0.0,0.0,0.019621732782572426,0.08151652667191889,6.0,1.2163707680668692,0.0
167036.0,0.0,0.0,"[[0. 0. 0.]
 [0. 0. 0.]
 [0. 0. 0.]]","[[0. 0. 0.]
 [0. 0. 0.]
 [0. 0. 0.]]",0.0,0.0,0.0,0.0,0.0,0.29466809795796844,1.1008800139709702,6.0,1.0615201521743904,0.0
167037.0,100.793,6.4507520000000005,"[[1. 0. 0.]
 [0. 0. 0.]
 [1. 0. 0.]]","[[1. 0. 0.]
 [0. 0. 0.]
 [0. 0. 0.]]",0.0,1.0,0.0,1.0,0.0,0.008729120231578347,0.01930183065606604,5.0,1.2884102198190561,0.0
167038.0,0.0,0.0,"[[0. 0. 0.]
 [0. 0. 0.]
 [0. 0. 0.]]","[[0. 0. 0.]
 [0. 0. 0.]
 [0. 0. 0.]]",0.0,0.0,0.0,0.0,0.0,0.4133505292367358,1.500958441764435,5.0,1.2086576465061065,0.0
167039.0,0.0,0.0,"[[0. 0. 0.]
 [0. 0. 0.]
 [0. 0. 0.]]","[[0. 0. 0.]
 [0. 0. 0.]
 [0. 0. 0.]]",0.0,0.0,0.0,0.0,0.0,0.542628697925687,2.0033851527416364,5.0,1.1665132677208516,0.0
167040.0,0.0,0.0,"[[0. 0. 0.]
 [0. 0. 0.]
 [0. 0. 0.]]","[[0. 0. 0.]
 [0. 0. 0.]
 [0. 0. 0.]]",0.0,0.0,0.0,0.0,0.0,0.44510165702577636,1.313940091540088,5.0,1.0959973861283503,0.0
167041.0,0.0,0.0,"[[0. 0. 0.]
 [0. 0. 0.]
 [0. 0. 0.]]","[[0. 0. 0.]
 [0. 0. 0.]
 [0. 0. 0.]]",0.0,0.0,0.0,0.0,0.0,-0.1323669631539317,-0.4841454044318206,5.0,0.8559028912121619,0.0
167042.0,0.0,0.0,"[[0. 0. 0.]
 [0. 0. 0.]
 [0. 0. 0.]]","[[0. 0. 0.]
 [0. 0. 0.]
 [0. 0. 0.]]",0.0,0.0,0.0,0.0,0.0,0.2835175097783937,1.0075078227485,5.0,0.7383807122386037,0.0
167043.0,0.0,0.0,"[[0. 0. 0.]
 [0. 0. 0.]
 [0. 0. 0.]]","[[0. 0. 0.]
 [0. 0. 0.]
 [0. 0. 0.]]",0.0,0.0,0.0,0.0,0.0,0.36485211265614675,1.3093812619003795,5.0,0.6445195086476645,0.0
167044.0,0.0,0.0,"[[0. 0. 0.]
 [0. 0. 0.]
 [0. 0. 0.]]","[[0. 0. 0.]
 [0. 0. 0.]
 [0. 0. 0.]]",0.0,0.0,0.0,0.0,0.0,0.2491689064325377,0.865513113384063,5.0,0.5170050087007664,0.0
167045.0,0.0,0.0,"[[0. 0. 0.]
 [0. 0. 0.]
 [0. 0. 0.]]","[[0. 0. 0.]
 [0. 0. 0.]
 [0. 0. 0.]]",0.0,0.0,0.0,0.0,0.0,0.22070469621441002,0.9709240995864326,5.0,0.3812100112358675,0.0
167046.0,21.021,1.345344,"[[0. 0. 0.]
 [1. 0. 0.]
 [0. 1. 0.]]","[[0. 0. 0.]
 [0. 0. 0.]
 [0. 0. 0.]]",2.0,0.0,0.0,0.0,0.0,0.3138169485310488,1.1352641930059195,6.0,0.2745022144448999,0.5866750937477829
167047.0,118.25659999999999,7.568422399999999,"[[1. 0. 0.]
 [1. 2. 0.]
 [0. 0. 0.]]","[[1. 1. 0.]
 [0. 0. 0.]
 [0. 0. 0.]]",2.0,0.0,1.0,1.0,0.0,-0.11515018589784573,-2.3123078529774608,8.0,0.27967244746703956,0.0
167048.0,42.149799999999985,2.697587199999999,"[[0. 1. 0.]
 [0. 0. 0.]
 [0. 1. 0.]]","[[0. 0. 0.]
 [0. 0. 0.]
 [0. 0. 0.]]",1.0,0.0,1.0,1.0,0.0,0.0542348712412416,1.1403207087698495,7.0,0.17632538455540078,0.9200015193615496
167049.0,17.140199999999997,1.0969727999999999,"[[0. 0. 1.]
 [0. 0. 0.]
 [0. 0. 0.]]","[[0. 0. 0.]
 [0. 0. 0.]
 [0. 0. 0.]]",0.0,0.0,1.0,1.0,0.0,0.5099720975615223,3.592651432901412,7.0,0.0610809038460254,0.0
167050.0,75.2444,4.8156416,"[[0. 0. 1.]
 [0. 1. 0.]
 [0. 0. 1.]]","[[0. 0. 0.]
 [0. 0. 0.]
 [0. 0. 0.]]",0.0,0.0,3.0,3.0,0.0,0.7958459112833598,3.294165395984083,9.0,0.17339971440118468,0.0
167051.0,56.810599999999994,3.6358783999999997,"[[0. 1. 1.]
 [0. 0. 0.]
 [1. 0. 0.]]","[[0. 0. 0.]
 [0. 0. 0.]
 [0. 0. 0.]]",1.0,0.0,2.0,2.0,0.0,0.8804608551785349,3.171067816011011,10.0,0.09873378136221306,1.1199608065007003
167052.0,41.718599999999995,2.6699903999999997,"[[0. 0. 0.]
 [1. 1. 0.]
 [0. 0. 0.]]","[[0. 0. 0.]
 [0. 0. 0.]
 [0. 0. 0.]]",2.0,0.0,1.0,1.0,0.0,1.0349478726148496,3.802812463136003,8.0,0.16500952612289654,0.0
167053.0,25.440799999999992,1.6282111999999995,"[[0. 0. 0.]
 [0. 0. 1.]
 [0. 0. 0.]]","[[0. 0. 0.]
 [0. 0. 0.]
 [0. 0. 0.]]",0.0,0.0,1.0,1.0,0.0,0.8473177628746593,2.7087054243577113,7.0,0.1571019662318885,0.5866750937477829
167054.0,59.7212,3.8221568,"[[0. 0. 0.]
 [0. 0. 0.]
 [1. 0. 0.]]","[[0. 0. 0.]
 [0. 0. 0.]
 [0. 0. 0.]]",0.0,1.0,1.0,1.0,0.0,0.6829069078715253,2.428416964391144,7.0,0.09416579397633221,0.0
167055.0,10.133200000000002,0.6485248000000001,"[[0. 1. 0.]
 [0. 0. 0.]
 [0. 0. 0.]]","[[0. 0. 0.]
 [0. 0. 0.]
 [0. 0. 0.]]",0.0,0.0,1.0,1.0,0.0,0.5141733372342412,1.870768270193063,6.0,0.006143492080838744,0.0
167056.0,67.4828,4.3188992,"[[0. 0. 0.]
 [1. 1. 1.]
 [0. 0. 0.]]","[[0. 0. 0.]
 [0. 1. 1.]
 [0. 0. 0.]]",1.0,0.0,0.0,0.0,0.0,-0.06503302309958628,-0.5956504651737307,4.0,0.9342528888503417,0.78668360316631
167057.0,89.90520000000001,5.7539328,"[[0. 0. 0.]
 [0. 1. 1.]
 [0. 0. 1.]]","[[0. 0. 0.]
 [0. 2. 0.]
 [0. 0. 0.]]",0.0,0.0,1.0,1.0,0.0,-0.13343752520158886,-0.6520291231450427,7.0,1.3956655198899575,0.0
167058.0,38.269,2.449216,"[[0. 1. 0.]
 [0. 0. 0.]
 [0. 0. 0.]]","[[0. 0. 0.]
 [0. 0. 0.]
 [0. 0. 0.]]",0.0,0.0,1.0,1.0,0.0,0.3291141263346927,1.2516868452761034,8.0,1.1858511626402335,0.0
167059.0,93.35479999999998,5.974707199999999,"[[0. 0. 0.]
 [0. 0. 2.]
 [0. 0. 0.]]","[[0. 1. 0.]
 [0. 0. 1.]
 [0. 0. 0.]]",0.0,0.0,0.0,0.0,0.0,0.14089624942885454,0.578238207656019,9.0,1.7155319621340368,0.0
167060.0,139.585,8.933440000000001,"[[1. 0. 0.]
 [0. 0. 0.]
 [0. 0. 1.]]","[[0. 0. 0.]
 [0. 0. 0.]
 [0. 0. 0.]]",0.0,2.0,1.0,2.0,0.0,0.006338463434162306,0.024588167353802415,9.0,1.9156466599100253,0.0
167061.0,0.0,0.0,"[[0. 0. 0.]
 [0. 0. 0.]
 [0. 0. 0.]]","[[0. 0. 0.]
 [0. 0. 0.]
 [0. 0. 0.]]",0.0,0.0,0.0,0.0,0.0,0.13770553453009465,0.4676479952642015,9.0,1.5949053777642672,0.0
167062.0,0.0,0.0,"[[0. 0. 0.]
 [0. 0. 0.]
 [0. 0. 0.]]","[[0. 0. 0.]
 [0. 0. 0.]
 [0. 0. 0.]]",0.0,0.0,0.0,0.0,0.0,0.07993752357352087,0.2900133355247337,8.0,1.2978171661972897,0.0
167063.0,0.0,0.0,"[[0. 0. 0.]
 [0. 0. 0.]
 [0. 0. 0.]]","[[0. 0. 0.]
 [0. 0. 0.]
 [0. 0. 0.]]",0.0,0.0,0.0,0.0,0.0,0.8195559296473198,2.4193291043188814,8.0,1.2162334366401464,0.0
167064.0,0.0,0.0,"[[0. 0. 0.]
 [0. 0. 0.]
 [0. 0. 0.]]","[[0. 0. 0.]
 [0. 0. 0.]
 [0. 0. 0.]]",0.0,0.0,0.0,0.0,0.0,0.522872088520381,0.7495894261028181,8.0,1.048341680573348,0.0
167065.0,0.0,0.0,"[[0. 0. 0.]
 [0. 0. 0.]
 [0. 0. 0.]]","[[0. 0. 0.]
 [0. 0. 0.]
 [0. 0. 0.]]",0.0,0.0,0.0,0.0,0.0,0.3882723454154671,1.3406267542505248,8.0,0.8397179033229648,0.0
167066.0,0.0,0.0,"[[0. 0. 0.]
 [0. 0. 0.]
 [0. 0. 0.]]","[[0. 0. 0.]
 [0. 0. 0.]
 [0. 0. 0.]]",0.0,0.0,0.0,0.0,0.0,0.9582456388038736,3.359225911390859,8.0,0.7984802709750007,0.0
167067.0,0.0,0.0,"[[0. 0. 0.]
 [0. 0. 0.]
 [0. 0. 0.]]","[[0. 0. 0.]
 [0. 0. 0.]
 [0. 0. 0.]]",0.0,0.0,0.0,0.0,0.0,0.7612497390194359,2.7819110462726266,8.0,0.6999347405079277,0.0
167068.0,0.0,0.0,"[[0. 0. 0.]
 [0. 0. 0.]
 [0. 0. 0.]]","[[0. 0. 0.]
 [0. 0. 0.]
 [0. 0. 0.]]",0.0,0.0,0.0,0.0,0.0,0.6884893397986888,1.2871996696876284,8.0,0.5802225484493644,0.0
167069.0,17.4636,1.1176704,"[[0. 0. 0.]
 [0. 0. 0.]
 [1. 0. 0.]]","[[0. 0. 0.]
 [0. 0. 0.]
 [0. 0. 0.]]",1.0,0.0,0.0,0.0,0.0,0.5266985309398432,2.276601730134378,7.0,0.5486439392682279,0.9200015193615496
167070.0,57.349599999999995,3.6703743999999996,"[[0. 0. 0.]
 [0. 0. 1.]
 [1. 0. 0.]]","[[1. 0. 0.]
 [0. 1. 0.]
 [0. 0. 0.]]",0.0,0.0,0.0,0.0,0.0,0.7642148637771606,1.7491349802131653,7.0,0.9581609905488565,1.7066851225278596
167071.0,167.28959999999998,10.706534399999999,"[[1. 0. 0.]
 [0. 0. 0.]
 [0. 1. 2.]]","[[0. 0. 0.]
 [0. 1. 0.]
 [0. 0. 0.]]",2.0,1.0,3.0,3.0,0.0,0.7616163585260374,2.8027481993758174,10.0,1.1189814822313846,0.9200015193615496
167072.0,48.294399999999996,3.0908415999999996,"[[0. 0. 0.]
 [0. 0. 1.]
 [0. 0. 0.]]","[[0. 0. 0.]
 [0. 0. 0.]
 [0. 0. 0.]]",0.0,0.0,1.0,1.0,0.0,-0.01895637918583637,-0.18181442404719378,10.0,0.7279724942935758,1.1199608065007003
167073.0,7.007000000000003,0.44844800000000024,"[[0. 1. 0.]
 [0. 0. 0.]
 [0. 0. 0.]]","[[0. 0. 0.]
 [0. 0. 0.]
 [0. 0. 0.]]",0.0,0.0,1.0,1.0,0.0,0.5696387900499909,2.032926913930407,9.0,0.5465431560746201,0.0
167074.0,57.349599999999995,3.6703743999999996,"[[0. 0. 0.]
 [0. 1. 0.]
 [1. 0. 0.]]","[[0. 0. 0.]
 [0. 0. 0.]
 [0. 0. 0.]]",2.0,0.0,1.0,1.0,0.0,1.3352970553100114,4.467369828245174,10.0,0.5621932085284418,0.0
167075.0,0.0,0.0,"[[0. 0. 0.]
 [0. 0. 0.]
 [0. 0. 0.]]","[[0. 0. 0.]
 [0. 0. 0.]
 [0. 0. 0.]]",0.0,0.0,0.0,0.0,0.0,0.9714710218822202,3.091609380037978,9.0,0.4848029603487241,0.0
167076.0,76.21459999999999,4.8777344,"[[0. 0. 0.]
 [1. 0. 1.]
 [1. 0. 0.]]","[[0. 0. 0.]
 [0. 0. 0.]
 [0. 0. 0.]]",2.0,0.0,1.0,1.0,0.0,0.9300959210631641,4.754650348474895,11.0,0.43257631920346284,0.0
167077.0,0.0,0.0,"[[0. 0. 0.]
 [0. 0. 0.]
 [0. 0. 0.]]","[[0. 0. 0.]
 [0. 0. 0.]
 [0. 0. 0.]]",0.0,0.0,0.0,0.0,0.0,0.47819201837897535,4.212680405111421,9.0,0.21168672455007387,0.5866750937477829
167078.0,6.3602000000000025,0.40705280000000016,"[[0. 0. 0.]
 [0. 0. 1.]
 [0. 0. 0.]]","[[0. 0. 0.]
 [0. 0. 0.]
 [0. 0. 0.]]",0.0,0.0,1.0,1.0,0.0,0.09741028828027129,2.1089717053831856,6.0,0.013320979453037425,1.1199608065007003
167079.0,35.358399999999996,2.2629376,"[[0. 0. 0.]
 [1. 0. 0.]
 [0. 0. 0.]]","[[0. 0. 0.]
 [1. 0. 0.]
 [0. 0. 0.]]",0.0,0.0,0.0,0.0,0.0,0.7764637789546163,3.274192463095826,6.0,0.4680013515125621,0.0
167080.0,82.7904,5.298585600000001,"[[0. 0. 0.]
 [1. 0. 1.]
 [0. 0. 0.]]","[[0. 0. 1.]
 [0. 0. 0.]
 [0. 0. 0.]]",1.0,0.0,0.0,0.0,0.0,0.37978925526142127,1.350226760305405,3.0,0.9912854984977028,1.8400030387230992
167081.0,0.0,0.0,"[[0. 0. 0.]
 [0. 0. 0.]
 [0. 0. 0.]]","[[0. 0. 0.]
 [0. 0. 0.]
 [0. 0. 0.]]",0.0,0.0,0.0,0.0,0.0,0.39640332654251903,1.043967800782378,3.0,0.9866028298555267,0.0
167082.0,0.0,0.0,"[[0. 0. 0.]
 [0. 0. 0.]
 [0. 0. 0.]]","[[0. 0. 0.]
 [0. 0. 0.]
 [0. 0. 0.]]",0.0,0.0,0.0,0.0,0.0,0.25747145862559584,1.0508955055262321,3.0,0.9415036178193364,0.0
167083.0,122.76819999999998,7.857164799999999,"[[1. 0. 1.]
 [0. 0. 1.]
 [0. 0. 0.]]","[[1. 0. 0.]
 [0. 0. 0.]
 [0. 0. 0.]]",0.0,1.0,1.0,2.0,0.0,0.22575983646807235,0.6668042529920986,5.0,2.469761475974824,0.0
167084.0,0.0,0.0,"[[0. 0. 0.]
 [0. 0. 0.]
 [0. 0. 0.]]","[[0. 0. 0.]
 [0. 0. 0.]
 [0. 0. 0.]]",0.0,0.0,0.0,0.0,0.0,0.6477294597625731,2.095534348223876,5.0,2.4581918642693905,0.0
167085.0,0.0,0.0,"[[0. 0. 0.]
 [0. 0. 0.]
 [0. 0. 0.]]","[[0. 0. 0.]
 [0. 0. 0.]
 [0. 0. 0.]]",0.0,0.0,0.0,0.0,0.0,0.018359341563390363,0.03660118334077503,4.0,2.3018834508469466,0.0
167086.0,77.6,4.9664,"[[0. 0. 0.]
 [0. 0. 1.]
 [0. 0. 0.]]","[[0. 0. 0.]
 [0. 0. 0.]
 [0. 0. 0.]]",0.0,1.0,1.0,1.0,0.0,0.4901333690205489,1.5919531825787425,5.0,2.3165270728551515,0.0
167087.0,0.0,0.0,"[[0. 0. 0.]
 [0. 0. 0.]
 [0. 0. 0.]]","[[0. 0. 0.]
 [0. 0. 0.]
 [0. 0. 0.]]",0.0,0.0,0.0,0.0,0.0,0.4071357219026828,1.0722326372029054,5.0,2.234966555590477,0.0
167088.0,0.0,0.0,"[[0. 0. 0.]
 [0. 0. 0.]
 [0. 0. 0.]]","[[0. 0. 0.]
 [0. 0. 0.]
 [0. 0. 0.]]",0.0,0.0,0.0,0.0,0.0,0.14465903179046197,0.00023145445086473915,5.0,2.0770491830204296,0.0
167089.0,0.0,0.0,"[[0. 0. 0.]
 [0. 0. 0.]
 [0. 0. 0.]]","[[0. 0. 0.]
 [0. 0. 0.]
 [0. 0. 0.]]",0.0,0.0,0.0,0.0,0.0,-0.07902570593589113,-0.28145795426126985,5.0,1.8524105739618313,0.0
167090.0,0.0,0.0,"[[0. 0. 0.]
 [0. 0. 0.]
 [0. 0. 0.]]","[[0. 0. 0.]
 [0. 0. 0.]
 [0. 0. 0.]]",0.0,0.0,0.0,0.0,0.0,0.4769162454475156,2.121704992746907,5.0,1.7911498453647452,0.0
167091.0,0.0,0.0,"[[0. 0. 0.]
 [0. 0. 0.]
 [0. 0. 0.]]","[[0. 0. 0.]
 [0. 0. 0.]
 [0. 0. 0.]]",0.0,0.0,0.0,0.0,0.0,0.0635296474752074,0.27714173414584475,5.0,1.6085698696246782,0.0
167092.0,0.0,0.0,"[[0. 0. 0.]
 [0. 0. 0.]
 [0. 0. 0.]]","[[0. 0. 0.]
 [0. 0. 0.]
 [0. 0. 0.]]",0.0,0.0,0.0,0.0,0.0,0.19091894158220463,0.6816569890251034,5.0,1.4641099253576835,0.0
167093.0,77.6,4.9664,"[[0. 0. 0.]
 [0. 0. 0.]
 [1. 0. 0.]]","[[0. 0. 0.]
 [0. 0. 0.]
 [0. 0. 0.]]",0.0,1.0,0.0,1.0,0.0,0.3178327768908973,2.763873827843243,6.0,1.5486297387463523,0.0
167094.0,139.8006,8.9472384,"[[0. 0. 1.]
 [0. 0. 1.]
 [0. 1. 0.]]","[[0. 1. 0.]
 [0. 0. 0.]
 [0. 0. 0.]]",1.0,1.0,1.0,1.0,0.0,0.6539221661618637,2.982931353163958,8.0,1.74012101083203,0.7199930099430226
167095.0,94.6484,6.0574976,"[[0. 1. 0.]
 [1. 1. 0.]
 [0. 0. 0.]]","[[0. 0. 0.]
 [1. 0. 0.]
 [0. 0. 0.]]",1.0,0.0,2.0,2.0,0.0,0.21454834259503677,4.964648647649151,10.0,1.7296857613460657,0.0
167096.0,0.0,0.0,"[[0. 0. 0.]
 [0. 0. 0.]
 [0. 0. 0.]]","[[0. 0. 0.]
 [0. 0. 0.]
 [0. 0. 0.]]",0.0,0.0,0.0,0.0,0.0,-0.02931526998751177,-0.7958978540529495,9.0,1.3584169904991126,0.0
167097.0,0.0,0.0,"[[0. 0. 0.]
 [0. 0. 0.]
 [0. 0. 0.]]","[[0. 0. 0.]
 [0. 0. 0.]
 [0. 0. 0.]]",0.0,0.0,0.0,0.0,0.0,0.809341544866562,7.0451562797544485,8.0,1.2738618035512033,0.5866750937477829
167098.0,45.06040000000001,2.8838656000000005,"[[0. 0. 0.]
 [0. 0. 1.]
 [1. 1. 0.]]","[[0. 0. 0.]
 [0. 0. 0.]
 [0. 0. 0.]]",2.0,0.0,1.0,1.0,0.0,1.0837404820579852,3.956086255704469,10.0,1.2619317619680719,0.9866428903054607
167099.0,101.5476,6.4990464,"[[1. 0. 0.]
 [1. 0. 1.]
 [1. 0. 0.]]","[[1. 0. 0.]
 [0. 0. 0.]
 [0. 0. 0.]]",2.0,0.0,2.0,2.0,0.0,1.1994785266137464,6.24496500096181,11.0,1.4740709697102528,0.0
167100.0,33.418000000000006,2.1387520000000007,"[[0. 0. 0.]
 [0. 1. 0.]
 [0. 1. 0.]]","[[0. 0. 0.]
 [0. 0. 0.]
 [0. 0. 0.]]",1.0,0.0,2.0,2.0,0.0,0.1984379827864799,6.86500170209483,12.0,1.2061490700981623,0.0
167101.0,23.176999999999992,1.4833279999999995,"[[0. 0. 0.]
 [0. 1. 0.]
 [0. 0. 0.]]","[[0. 0. 0.]
 [0. 0. 0.]
 [0. 0. 0.]]",1.0,0.0,1.0,1.0,0.0,0.5164750943984298,11.54466449006922,12.0,0.9096063230731355,0.0
167102.0,0.0,0.0,"[[0. 0. 0.]
 [0. 0. 0.]
 [0. 0. 0.]]","[[0. 0. 0.]
 [0. 0. 0.]
 [0. 0. 0.]]",0.0,0.0,0.0,0.0,0.0,0.6168278429215589,13.63880380040717,9.0,0.7290471501048619,0.0
167103.0,0.0,0.0,"[[0. 0. 0.]
 [0. 0. 0.]
 [0. 0. 0.]]","[[0. 0. 0.]
 [0. 0. 0.]
 [0. 0. 0.]]",0.0,0.0,0.0,0.0,0.0,0.7861273063346742,4.4035707191643105,7.0,0.6777387301294944,0.7199930099430226
167104.0,90.9832,5.8229248,"[[1. 0. 0.]
 [0. 0. 0.]
 [0. 2. 1.]]","[[1. 0. 0.]
 [0. 0. 0.]
 [0. 0. 0.]]",2.0,0.0,2.0,2.0,0.0,0.5687023288030733,3.0423299781649202,9.0,1.1046054639728022,0.78668360316631
167105.0,21.8834,1.4005376,"[[0. 0. 0.]
 [0. 0. 0.]
 [0. 0. 1.]]","[[0. 0. 0.]
 [0. 0. 0.]
 [0. 0. 0.]]",1.0,0.0,1.0,1.0,0.0,0.15457599803432814,3.455082708063302,5.0,0.9868790614993869,0.5866750937477829
167106.0,77.6,4.9664,"[[0. 1. 0.]
 [0. 0. 0.]
 [0. 0. 0.]]","[[0. 0. 0.]
 [0. 0. 0.]
 [0. 0. 0.]]",0.0,1.0,0.0,1.0,0.0,0.2597674523457367,1.2470915852214128,5.0,1.0943244296704477,0.0
167107.0,0.0,0.0,"[[0. 0. 0.]
 [0. 0. 0.]
 [0. 0. 0.]]","[[0. 0. 0.]
 [0. 0. 0.]
 [0. 0. 0.]]",0.0,0.0,0.0,0.0,0.0,0.3327167441145583,1.227059352294491,5.0,0.9911147552310468,0.0
167108.0,89.90520000000001,5.7539328,"[[0. 1. 0.]
 [0. 0. 0.]
 [1. 0. 0.]]","[[1. 1. 0.]
 [0. 0. 0.]
 [0. 0. 0.]]",0.0,0.0,0.0,0.0,0.0,-0.13075941103260372,-0.479207089552286,6.0,1.2561770282670657,0.0
167109.0,0.0,0.0,"[[0. 0. 0.]
 [0. 0. 0.]
 [0. 0. 0.]]","[[0. 0. 0.]
 [0. 0. 0.]
 [0. 0. 0.]]",0.0,0.0,0.0,0.0,0.0,-0.06635889110584643,-0.21378180358659488,5.0,1.0345877420238223,0.0
167110.0,0.0,0.0,"[[0. 0. 0.]
 [0. 0. 0.]
 [0. 0. 0.]]","[[0. 0. 0.]
 [0. 0. 0.]
 [0. 0. 0.]]",0.0,0.0,0.0,0.0,0.0,0.1966202164888382,0.7108214066504479,5.0,0.8917863504569391,0.0
167111.0,0.0,0.0,"[[0. 0. 0.]
 [0. 0. 0.]
 [0. 0. 0.]]","[[0. 0. 0.]
 [0. 0. 0.]
 [0. 0. 0.]]",0.0,0.0,0.0,0.0,0.0,0.4023303222181846,1.1674016629482844,5.0,0.8088278987385926,0.0
167112.0,0.0,0.0,"[[0. 0. 0.]
 [0. 0. 0.]
 [0. 0. 0.]]","[[0. 0. 0.]
 [0. 0. 0.]
 [0. 0. 0.]]",0.0,0.0,0.0,0.0,0.0,0.49946373152732854,1.4460473955179216,5.0,0.7541264388192701,0.0
167113.0,0.0,0.0,"[[0. 0. 0.]
 [0. 0. 0.]
 [0. 0. 0.]]","[[0. 0. 0.]
 [0. 0. 0.]
 [0. 0. 0.]]",0.0,0.0,0.0,0.0,0.0,0.39239678917058357,1.2023037620186647,5.0,0.6682782320325308,0.0
167114.0,0.0,0.0,"[[0. 0. 0.]
 [0. 0. 0.]
 [0. 0. 0.]]","[[0. 0. 0.]
 [0. 0. 0.]
 [0. 0. 0.]]",0.0,0.0,0.0,0.0,0.0,0.2378939938539757,0.7852404949132029,5.0,0.5374837575173237,0.0
167115.0,0.0,0.0,"[[0. 0. 0.]
 [0. 0. 0.]
 [0. 0. 0.]]","[[0. 0. 0.]
 [0. 0. 0.]
 [0. 0. 0.]]",0.0,0.0,0.0,0.0,0.0,0.36151640528440476,1.2378321716938019,5.0,0.4426521663273324,0.0
167116.0,0.0,0.0,"[[0. 0. 0.]
 [0. 0. 0.]
 [0. 0. 0.]]","[[0. 0. 0.]
 [0. 0. 0.]
 [0. 0. 0.]]",0.0,0.0,0.0,0.0,0.0,0.30410900084674364,0.9860430243454815,5.0,0.33112023930093054,0.0
167117.0,40.532799999999995,2.5940991999999996,"[[0. 0. 0.]
 [0. 0. 0.]
 [0. 0. 1.]]","[[0. 0. 0.]
 [0. 1. 0.]
 [0. 0. 0.]]",0.0,0.0,0.0,0.0,0.0,0.515071023851633,1.7265180719506736,6.0,0.5705590826032239,0.0
167118.0,23.716,1.517824,"[[0. 0. 0.]
 [0. 0. 0.]
 [0. 0. 1.]]","[[1. 0. 0.]
 [0. 0. 0.]
 [0. 0. 0.]]",0.0,0.0,0.0,0.0,0.0,0.5289905141909106,4.448598628139882,6.0,0.7164472321860341,0.78668360316631
167119.0,103.2724,6.6094336,"[[0. 1. 0.]
 [1. 1. 0.]
 [2. 0. 0.]]","[[2. 0. 0.]
 [0. 1. 0.]
 [0. 0. 0.]]",1.0,0.0,1.0,1.0,0.0,-0.5709486161332525,-5.536374540920923,10.0,1.5195478231058996,0.0
167120.0,84.5152,5.4089728,"[[1. 1. 0.]
 [0. 0. 0.]
 [0. 1. 0.]]","[[0. 0. 0.]
 [0. 0. 0.]
 [0. 0. 0.]]",1.0,0.0,2.0,2.0,0.0,-0.4149469147153558,-9.889678786559905,10.0,1.1987413365009683,0.5866750937477829
167121.0,1.1857999999999969,0.0758911999999998,"[[0. 0. 0.]
 [0. 0. 0.]
 [1. 0. 0.]]","[[0. 0. 0.]
 [0. 0. 0.]
 [0. 0. 0.]]",1.0,0.0,0.0,0.0,0.0,1.2070810873642601,8.021778074187916,10.0,1.185492198279662,0.5866750937477829
167122.0,25.009599999999992,1.6006143999999995,"[[0. 0. 0.]
 [0. 0. 1.]
 [0. 0. 0.]]","[[0. 0. 0.]
 [0. 0. 0.]
 [0. 0. 0.]]",0.0,0.0,1.0,1.0,0.0,1.209442924436524,6.891889560609088,9.0,1.2045301399339237,0.0
167123.0,7.114799999999999,0.45534719999999995,"[[0. 0. 0.]
 [1. 0. 0.]
 [0. 0. 0.]]","[[0. 0. 0.]
 [0. 0. 0.]
 [0. 0. 0.]]",1.0,0.0,0.0,0.0,0.0,1.2026864839843505,7.528817389742034,10.0,1.1680025716384623,0.0
167124.0,66.6204,4.263705600000001,"[[0. 0. 0.]
 [0. 1. 0.]
 [0. 0. 1.]]","[[0. 0. 0.]
 [0. 0. 0.]
 [0. 0. 0.]]",1.0,0.0,2.0,2.0,0.0,-0.13019334255440362,-9.750127346562266,9.0,0.839995995650577,0.0
167125.0,24.3628,1.5592192,"[[0. 0. 0.]
 [1. 0. 0.]
 [0. 0. 0.]]","[[0. 0. 0.]
 [0. 0. 0.]
 [0. 0. 0.]]",1.0,0.0,0.0,0.0,0.0,0.3653539597323794,11.64251542241589,8.0,0.655257637836332,0.0
167126.0,0.0,0.0,"[[0. 0. 0.]
 [0. 0. 0.]
 [0. 0. 0.]]","[[0. 0. 0.]
 [0. 0. 0.]
 [0. 0. 0.]]",0.0,0.0,0.0,0.0,0.0,0.7846451215335761,3.9313859169318297,6.0,0.6435180368279176,1.1733501874955659
167127.0,79.8798,5.1123072,"[[0. 1. 0.]
 [0. 0. 1.]
 [0. 0. 0.]]","[[0. 0. 0.]
 [0. 0. 0.]
 [0. 0. 0.]]",0.0,0.0,2.0,2.0,0.0,0.8671363448094218,3.10434811441773,7.0,0.7193758825906587,0.0
167128.0,7.438199999999995,0.47604479999999966,"[[0. 0. 0.]
 [0. 0. 1.]
 [0. 0. 0.]]","[[0. 0. 0.]
 [0. 0. 0.]
 [0. 0. 0.]]",0.0,0.0,1.0,1.0,0.0,0.4632965492316461,2.2405021120842403,6.0,0.6265530605489558,0.5866750937477829
167129.0,28.459199999999996,1.8213887999999998,"[[0. 0. 0.]
 [1. 0. 0.]
 [0. 0. 0.]]","[[0. 0. 0.]
 [1. 0. 0.]
 [0. 0. 0.]]",0.0,0.0,0.0,0.0,0.0,0.05709440249204634,0.3157092080200194,4.0,0.9365978759643651,0.9200015193615496
167130.0,77.6,4.9664,"[[0. 0. 0.]
 [0. 0. 0.]
 [1. 0. 0.]]","[[0. 0. 0.]
 [0. 0. 0.]
 [0. 0. 0.]]",0.0,1.0,0.0,1.0,0.0,0.14610275404442544,3.23600067877917,5.0,0.970708599348304,0.0
167131.0,0.0,0.0,"[[0. 0. 0.]
 [0. 0. 0.]
 [0. 0. 0.]]","[[0. 0. 0.]
 [0. 0. 0.]
 [0. 0. 0.]]",0.0,0.0,0.0,0.0,0.0,0.06372678369283674,0.22712225708127015,4.0,0.8283623901757129,0.0
167132.0,43.8746,2.8079744,"[[0. 0. 0.]
 [0. 0. 0.]
 [0. 1. 0.]]","[[0. 0. 0.]
 [0. 1. 0.]
 [0. 0. 0.]]",0.0,0.0,0.0,0.0,0.0,0.28319778996705997,0.9402166626906392,5.0,0.9879472018024938,0.0
167133.0,155.2,9.9328,"[[1. 0. 0.]
 [0. 0. 0.]
 [1. 0. 0.]]","[[0. 0. 0.]
 [0. 0. 0.]
 [0. 0. 0.]]",0.0,2.0,1.0,2.0,0.0,-0.18877922640740874,-0.649400538841486,6.0,0.9148839398563627,0.0
167134.0,0.0,0.0,"[[0. 0. 0.]
 [0. 0. 0.]
 [0. 0. 0.]]","[[0. 0. 0.]
 [0. 0. 0.]
 [0. 0. 0.]]",0.0,0.0,0.0,0.0,0.0,0.03329719892265854,0.11840483936897378,6.0,0.6843149684998718,0.0
167135.0,0.0,0.0,"[[0. 0. 0.]
 [0. 0. 0.]
 [0. 0. 0.]]","[[0. 0. 0.]
 [0. 0. 0.]
 [0. 0. 0.]]",0.0,0.0,0.0,0.0,0.0,0.5312847926020623,1.7638655114388468,6.0,0.5988705445295627,0.0
167136.0,21.559999999999995,1.3798399999999997,"[[0. 0. 0.]
 [0. 0. 1.]
 [0. 0. 0.]]","[[0. 0. 0.]
 [1. 0. 0.]
 [0. 0. 0.]]",0.0,0.0,0.0,0.0,0.0,0.4779058541661622,0.7478270805992069,7.0,0.6978977021051734,0.0
167137.0,0.0,0.0,"[[0. 0. 0.]
 [0. 0. 0.]
 [0. 0. 0.]]","[[0. 0. 0.]
 [0. 0. 0.]
 [0. 0. 0.]]",0.0,0.0,0.0,0.0,0.0,0.724486760497093,2.626119609449863,7.0,0.6286574869770551,0.0
167138.0,0.0,0.0,"[[0. 0. 0.]
 [0. 0. 0.]
 [0. 0. 0.]]","[[0. 0. 0.]
 [0. 0. 0.]
 [0. 0. 0.]]",0.0,0.0,0.0,0.0,0.0,0.6224400999546051,2.4648627958202365,7.0,0.5297309706002129,0.0
167139.0,0.0,0.0,"[[0. 0. 0.]
 [0. 0. 0.]
 [0. 0. 0.]]","[[0. 0. 0.]
 [0. 0. 0.]
 [0. 0. 0.]]",0.0,0.0,0.0,0.0,0.0,0.5355072279760569,1.7500376210257538,7.0,0.405514891465975,0.0
167140.0,0.0,0.0,"[[0. 0. 0.]
 [0. 0. 0.]
 [0. 0. 0.]]","[[0. 0. 0.]
 [0. 0. 0.]
 [0. 0. 0.]]",0.0,0.0,0.0,0.0,0.0,0.5342238766183028,2.1155265514084793,7.0,0.2809254737549358,0.0
167141.0,3.341799999999999,0.21387519999999996,"[[0. 0. 0.]
 [0. 0. 0.]
 [0. 1. 0.]]","[[0. 0. 0.]
 [0. 0. 0.]
 [0. 0. 0.]]",1.0,0.0,0.0,0.0,0.0,0.592488451660428,2.9899337224591838,8.0,0.16088575060160581,0.0
167142.0,1.2936000000000014,0.0827904000000001,"[[0. 0. 1.]
 [0. 0. 0.]
 [0. 0. 0.]]","[[0. 0. 0.]
 [0. 0. 0.]
 [0. 0. 0.]]",0.0,0.0,1.0,1.0,0.0,0.28845523230698,2.192952058090585,6.0,0.040000000000000015,0.0
167143.0,143.15840000000003,9.162137600000001,"[[1. 1. 0.]
 [0. 0. 1.]
 [1. 1. 0.]]","[[0. 1. 0.]
 [0. 1. 0.]
 [0. 0. 0.]]",2.0,0.0,2.0,2.0,0.0,0.23961676672846088,4.634955042181964,7.0,0.3767958098454313,2.5599960486661217
167144.0,90.01299999999999,5.760832,"[[0. 0. 0.]
 [1. 1. 0.]
 [1. 1. 0.]]","[[1. 0. 0.]
 [0. 0. 0.]
 [0. 0. 0.]]",2.0,0.0,1.0,1.0,0.0,0.020402417898177955,0.4536028766466108,9.0,0.4438299298403359,0.7199930099430226
167145.0,14.013999999999998,0.8968959999999999,"[[0. 0. 0.]
 [0. 0. 0.]
 [1. 0. 1.]]","[[0. 0. 0.]
 [0. 0. 0.]
 [0. 0. 0.]]",2.0,0.0,1.0,1.0,0.0,0.07226302481422384,0.30471872303661907,8.0,0.21025737478788556,0.0
167146.0,4.527599999999996,0.28976639999999976,"[[0. 0. 0.]
 [0. 0. 1.]
 [0. 0. 0.]]","[[0. 0. 0.]
 [0. 0. 0.]
 [0. 0. 0.]]",0.0,0.0,1.0,1.0,0.0,0.5436737018062864,2.0098529408374795,8.0,0.07116311369086846,0.0
167147.0,43.2278,2.7665792000000002,"[[0. 0. 0.]
 [0. 0. 1.]
 [0. 0. 1.]]","[[0. 0. 0.]
 [0. 0. 0.]
 [0. 0. 0.]]",1.0,0.0,2.0,2.0,0.0,1.0385720567371453,3.7903725782678857,8.0,0.09289316655985629,0.0
167148.0,13.690600000000002,0.8761984000000002,"[[0. 1. 0.]
 [0. 0. 0.]
 [0. 0. 0.]]","[[0. 0. 0.]
 [0. 0. 0.]
 [0. 0. 0.]]",0.0,0.0,1.0,1.0,0.0,0.8333994685377881,4.2956742206311755,7.0,0.08453664831630374,0.0
167149.0,71.5792,4.5810688,"[[1. 0. 0.]
 [0. 1. 0.]
 [1. 0. 0.]]","[[0. 0. 0.]
 [0. 0. 0.]
 [0. 0. 0.]]",3.0,0.0,2.0,2.0,0.0,0.8424926875032976,3.544535234863874,9.0,0.02402543013544494,0.0
167150.0,81.48079999999999,5.2147711999999995,"[[0. 0. 1.]
 [0. 0. 1.]
 [0. 0. 0.]]","[[0. 0. 0.]
 [0. 0. 0.]
 [0. 0. 0.]]",0.0,1.0,1.0,2.0,0.0,0.8071044065777454,3.972890730938294,8.0,0.5964788085239244,0.0
167151.0,51.528400000000005,3.2978176000000006,"[[0. 1. 0.]
 [0. 0. 0.]
 [0. 1. 0.]]","[[0. 1. 0.]
 [0. 0. 0.]
 [0. 0. 0.]]",0.0,0.0,1.0,1.0,0.0,0.46931662410497643,1.6827816873908037,7.0,1.3003611830209072,0.0
167152.0,16.8168,1.0762752,"[[0. 0. 0.]
 [1. 0. 0.]
 [0. 0. 0.]]","[[0. 0. 0.]
 [0. 0. 0.]
 [0. 0. 0.]]",1.0,0.0,0.0,0.0,0.0,0.13278725821372203,0.47346624788684727,4.0,1.2365336742446313,2.2933602162756426
167153.0,49.480199999999996,3.1667327999999997,"[[2. 0. 0.]
 [1. 0. 0.]
 [0. 0. 1.]]","[[0. 0. 0.]
 [0. 0. 0.]
 [0. 0. 0.]]",3.0,0.0,3.0,3.0,0.0,0.21721336419536863,0.7769287610539944,7.0,1.1956112901456932,0.0
167154.0,235.8504,15.094425600000001,"[[1. 0. 0.]
 [0. 2. 0.]
 [1. 0. 1.]]","[[0. 0. 0.]
 [0. 0. 0.]
 [1. 0. 0.]]",1.0,3.0,1.0,4.0,0.0,0.1566064435594106,0.5615280640266227,10.0,2.604377862728151,0.0
167155.0,25.009599999999992,1.6006143999999995,"[[0. 1. 0.]
 [0. 0. 0.]
 [0. 0. 0.]]","[[0. 0. 0.]
 [0. 0. 0.]
 [0. 0. 0.]]",0.0,0.0,1.0,1.0,0.0,0.02054372167395152,0.06968430391804356,8.0,2.3159049053378706,0.0
167156.0,6.467999999999998,0.4139519999999999,"[[0. 1. 0.]
 [0. 0. 0.]
 [0. 0. 0.]]","[[0. 0. 0.]
 [0. 0. 0.]
 [0. 0. 0.]]",0.0,0.0,1.0,1.0,0.0,0.2644573000541854,0.7047258131843932,9.0,2.0471886252945675,0.0
167157.0,0.0,0.0,"[[0. 0. 0.]
 [0. 0. 0.]
 [0. 0. 0.]]","[[0. 0. 0.]
 [0. 0. 0.]
 [0. 0. 0.]]",0.0,0.0,0.0,0.0,0.0,0.262565003636314,0.9343113089394597,8.0,1.8019218590206105,0.0
167158.0,0.0,0.0,"[[0. 0. 0.]
 [0. 0. 0.]
 [0. 0. 0.]]","[[0. 0. 0.]
 [0. 0. 0.]
 [0. 0. 0.]]",0.0,0.0,0.0,0.0,0.0,0.07331475299172055,0.21566267740044515,6.0,1.582645776662761,0.0
167159.0,0.0,0.0,"[[0. 0. 0.]
 [0. 0. 0.]
 [0. 0. 0.]]","[[0. 0. 0.]
 [0. 0. 0.]
 [0. 0. 0.]]",0.0,0.0,0.0,0.0,0.0,-0.001165875353081297,-0.0032831049942769327,6.0,1.3422926282463945,0.0
167160.0,0.0,0.0,"[[0. 0. 0.]
 [0. 0. 0.]
 [0. 0. 0.]]","[[0. 0. 0.]
 [0. 0. 0.]
 [0. 0. 0.]]",0.0,0.0,0.0,0.0,0.0,0.0161372504234314,0.024180056034469606,6.0,1.1069871010968473,0.0
167161.0,0.0,0.0,"[[0. 0. 0.]
 [0. 0. 0.]
 [0. 0. 0.]]","[[0. 0. 0.]
 [0. 0. 0.]
 [0. 0. 0.]]",0.0,0.0,0.0,0.0,0.0,0.21123861935734756,0.7346034226771119,6.0,0.9284383358189848,0.0
167162.0,0.0,0.0,"[[0. 0. 0.]
 [0. 0. 0.]
 [0. 0. 0.]]","[[0. 0. 0.]
 [0. 0. 0.]
 [0. 0. 0.]]",0.0,0.0,0.0,0.0,0.0,0.5170985408466428,2.1453384262645474,6.0,0.838867002247099,0.0
167163.0,0.0,0.0,"[[0. 0. 0.]
 [0. 0. 0.]
 [0. 0. 0.]]","[[0. 0. 0.]
 [0. 0. 0.]
 [0. 0. 0.]]",0.0,0.0,0.0,0.0,0.0,0.45991216050088407,1.5625975565178039,6.0,0.7326596307564472,0.0
167164.0,63.602,4.0705279999999995,"[[0. 1. 0.]
 [0. 0. 0.]
 [0. 0. 0.]]","[[0. 0. 0.]
 [0. 0. 0.]
 [0. 0. 0.]]",0.0,1.0,1.0,1.0,0.0,0.4275997628569602,1.2434601103880403,7.0,0.7010522890421084,0.0
167165.0,0.0,0.0,"[[0. 0. 0.]
 [0. 0. 0.]
 [0. 0. 0.]]","[[0. 0. 0.]
 [0. 0. 0.]
 [0. 0. 0.]]",0.0,0.0,0.0,0.0,0.0,0.7726094646675032,0.9135334310228559,7.0,0.6458114060362911,0.0
167166.0,0.0,0.0,"[[0. 0. 0.]
 [0. 0. 0.]
 [0. 0. 0.]]","[[0. 0. 0.]
 [0. 0. 0.]
 [0. 0. 0.]]",0.0,0.0,0.0,0.0,0.0,0.7333643119692375,-0.031681338277071064,7.0,0.579153751336433,0.0
167167.0,0.0,0.0,"[[0. 0. 0.]
 [0. 0. 0.]
 [0. 0. 0.]]","[[0. 0. 0.]
 [0. 0. 0.]
 [0. 0. 0.]]",0.0,0.0,0.0,0.0,0.0,0.4926761674461194,0.31728345183530093,6.0,0.48247772732075866,0.0
167168.0,50.3426,3.2219264,"[[1. 0. 0.]
 [1. 0. 0.]
 [0. 0. 0.]]","[[0. 0. 0.]
 [0. 0. 0.]
 [0. 0. 0.]]",2.0,0.0,1.0,1.0,0.0,0.5142782625555992,0.6537505273606776,7.0,0.40528594915511484,0.0
167169.0,0.0,0.0,"[[0. 0. 0.]
 [0. 0. 0.]
 [0. 0. 0.]]","[[0. 0. 0.]
 [0. 0. 0.]
 [0. 0. 0.]]",0.0,0.0,0.0,0.0,0.0,0.7564980758428571,2.634428899315165,7.0,0.3453581166730369,0.0
167170.0,39.23919999999999,2.5113087999999992,"[[0. 0. 1.]
 [1. 0. 0.]
 [1. 1. 1.]]","[[0. 0. 0.]
 [0. 0. 0.]
 [0. 0. 0.]]",4.0,0.0,2.0,2.0,0.0,0.7873888840675354,2.935385759803772,10.0,0.3088167011290473,0.853411894727959
167171.0,0.0,0.0,"[[0. 0. 0.]
 [0. 0. 0.]
 [0. 0. 0.]]","[[0. 0. 0.]
 [0. 0. 0.]
 [0. 0. 0.]]",0.0,0.0,0.0,0.0,0.0,0.6548478608276599,2.258439302422434,6.0,0.25931789700618474,0.0
167172.0,84.94639999999998,5.4365695999999994,"[[1. 1. 2.]
 [1. 0. 0.]
 [0. 0. 0.]]","[[0. 0. 0.]
 [0. 0. 0.]
 [0. 0. 0.]]",2.0,0.0,4.0,4.0,0.0,1.1703545597493645,3.614054880506038,10.0,0.40458467802418185,0.0
167173.0,38.376799999999996,2.4561151999999997,"[[0. 0. 1.]
 [0. 0. 0.]
 [0. 0. 1.]]","[[0. 0. 0.]
 [0. 0. 0.]
 [0. 0. 0.]]",1.0,0.0,2.0,2.0,0.0,0.5747302505051773,2.005118897962458,8.0,0.26937893271659713,0.0
167174.0,28.459199999999996,1.8213887999999998,"[[1. 0. 0.]
 [1. 0. 0.]
 [0. 0. 0.]]","[[1. 0. 0.]
 [0. 0. 0.]
 [0. 0. 0.]]",1.0,0.0,0.0,0.0,0.0,0.39386446644877715,1.3741143505464906,9.0,0.8775404007257683,0.0
167175.0,37.0832,2.3733248,"[[0. 1. 1.]
 [0. 1. 0.]
 [0. 0. 0.]]","[[0. 0. 0.]
 [0. 0. 0.]
 [0. 0. 0.]]",1.0,0.0,3.0,3.0,0.0,0.30406317663203974,0.9676506533138034,7.0,0.7076625873444002,0.0
167176.0,13.906199999999993,0.8899967999999996,"[[0. 0. 0.]
 [0. 0. 0.]
 [2. 0. 1.]]","[[0. 0. 0.]
 [0. 0. 0.]
 [0. 0. 0.]]",3.0,0.0,1.0,1.0,0.0,0.09909933680029484,0.36230717534187795,5.0,0.643952568579581,0.78668360316631
167177.0,118.36439999999997,7.575321599999999,"[[0. 0. 1.]
 [2. 0. 0.]
 [1. 0. 0.]]","[[0. 0. 1.]
 [0. 0. 0.]
 [0. 0. 0.]]",2.0,0.0,1.0,1.0,0.0,0.21744613698645907,0.8106391986855195,6.0,1.2268574603251292,0.0
167178.0,0.0,0.0,"[[0. 0. 0.]
 [0. 0. 0.]
 [0. 0. 0.]]","[[0. 0. 0.]
 [0. 0. 0.]
 [0. 0. 0.]]",0.0,0.0,0.0,0.0,0.0,0.330722292924741,2.8418305186437114,5.0,1.122086658136569,0.0
167179.0,0.0,0.0,"[[0. 0. 0.]
 [0. 0. 0.]
 [0. 0. 0.]]","[[0. 0. 0.]
 [0. 0. 0.]
 [0. 0. 0.]]",0.0,0.0,0.0,0.0,0.0,0.37268998899633815,1.031605889541864,5.0,1.0298469005146638,0.0
167180.0,59.290000000000006,3.7945600000000006,"[[0. 0. 0.]
 [0. 0. 0.]
 [0. 1. 0.]]","[[0. 0. 0.]
 [0. 0. 0.]
 [0. 0. 0.]]",0.0,1.0,0.0,1.0,0.0,0.35354387962818135,1.091743500291824,5.0,1.2726960291337712,0.0
167181.0,69.63879999999999,4.456883199999999,"[[0. 0. 0.]
 [0. 1. 0.]
 [0. 0. 0.]]","[[0. 0. 0.]
 [0. 0. 0.]
 [0. 0. 0.]]",0.0,1.0,0.0,1.0,0.0,0.44702142767657266,1.2877793288506707,5.0,1.3843386262760469,0.0
167182.0,0.0,0.0,"[[0. 0. 0.]
 [0. 0. 0.]
 [0. 0. 0.]]","[[0. 0. 0.]
 [0. 0. 0.]
 [0. 0. 0.]]",0.0,0.0,0.0,0.0,0.0,0.11208500239253044,0.3795646521020651,4.0,1.2569451724266012,0.0
167183.0,0.0,0.0,"[[0. 0. 0.]
 [0. 0. 0.]
 [0. 0. 0.]]","[[0. 0. 0.]
 [0. 0. 0.]
 [0. 0. 0.]]",0.0,0.0,0.0,0.0,0.0,0.07308738678693771,0.2528823582828045,4.0,1.1182069576737104,0.0
167184.0,0.0,0.0,"[[0. 0. 0.]
 [0. 0. 0.]
 [0. 0. 0.]]","[[0. 0. 0.]
 [0. 0. 0.]
 [0. 0. 0.]]",0.0,0.0,0.0,0.0,0.0,0.3719518168270588,-0.21841010684084894,4.0,1.0664111225688546,0.0
167185.0,0.8624000000000009,0.055193600000000065,"[[0. 0. 0.]
 [0. 1. 0.]
 [0. 0. 0.]]","[[0. 0. 0.]
 [0. 0. 0.]
 [0. 0. 0.]]",1.0,0.0,1.0,1.0,0.0,0.14484571884572509,0.5433452605340839,5.0,0.9453480589603384,0.0
167186.0,0.0,0.0,"[[0. 0. 0.]
 [0. 0. 0.]
 [0. 0. 0.]]","[[0. 0. 0.]
 [0. 0. 0.]
 [0. 0. 0.]]",0.0,0.0,0.0,0.0,0.0,0.3495033707649945,1.200613979251909,4.0,0.8870217668192458,0.0
167187.0,0.0,0.0,"[[0. 0. 0.]
 [0. 0. 0.]
 [0. 0. 0.]]","[[0. 0. 0.]
 [0. 0. 0.]
 [0. 0. 0.]]",0.0,0.0,0.0,0.0,0.0,0.19872944749634516,0.7936459215214041,4.0,0.7848339697272735,0.0
167188.0,0.0,0.0,"[[0. 0. 0.]
 [0. 0. 0.]
 [0. 0. 0.]]","[[0. 0. 0.]
 [0. 0. 0.]
 [0. 0. 0.]]",0.0,0.0,0.0,0.0,0.0,0.17659693451225755,0.6474750006957397,4.0,0.6762076234035667,0.0
167189.0,0.0,0.0,"[[0. 0. 0.]
 [0. 0. 0.]
 [0. 0. 0.]]","[[0. 0. 0.]
 [0. 0. 0.]
 [0. 0. 0.]]",0.0,0.0,0.0,0.0,0.0,0.19011997088789942,0.7131780347946883,4.0,0.5715152512982283,0.0
167190.0,0.0,0.0,"[[0. 0. 0.]
 [0. 0. 0.]
 [0. 0. 0.]]","[[0. 0. 0.]
 [0. 0. 0.]
 [0. 0. 0.]]",0.0,0.0,0.0,0.0,0.0,0.21796613308787346,0.9267919978896362,4.0,0.4749235809237915,0.0
167191.0,0.0,0.0,"[[0. 0. 0.]
 [0. 0. 0.]
 [0. 0. 0.]]","[[0. 0. 0.]
 [0. 0. 0.]
 [0. 0. 0.]]",0.0,0.0,0.0,0.0,0.0,0.23970610412955276,0.8215207600728034,4.0,0.3846562657614796,0.0
167192.0,0.0,0.0,"[[0. 0. 0.]
 [0. 0. 0.]
 [0. 0. 0.]]","[[0. 0. 0.]
 [0. 0. 0.]
 [0. 0. 0.]]",0.0,0.0,0.0,0.0,0.0,0.04796035681537438,0.291445496295667,3.0,0.2786083695623158,0.0
167193.0,41.2874,2.6423936,"[[0. 1. 0.]
 [0. 0. 0.]
 [0. 0. 0.]]","[[0. 0. 0.]
 [0. 0. 0.]
 [0. 0. 0.]]",0.0,0.0,1.0,1.0,0.0,0.12769105106773282,0.43997228555898016,4.0,0.16255485714565626,0.0
167194.0,57.99640000000001,3.7117696000000007,"[[0. 0. 0.]
 [1. 0. 0.]
 [1. 0. 0.]]","[[0. 0. 0.]
 [0. 0. 0.]
 [0. 0. 0.]]",2.0,0.0,0.0,0.0,0.0,0.29061639118583554,1.530734655654033,5.0,0.1518978073088084,0.0
167195.0,117.17859999999999,7.4994304,"[[1. 0. 2.]
 [0. 0. 0.]
 [0. 0. 2.]]","[[0. 0. 2.]
 [0. 0. 0.]
 [0. 0. 0.]]",2.0,0.0,3.0,3.0,0.0,0.2413807875737548,3.559497645877618,9.0,1.5442260304200135,0.9866428903054607
167196.0,4.311999999999996,0.2759679999999997,"[[0. 0. 0.]
 [0. 0. 0.]
 [1. 0. 0.]]","[[0. 0. 0.]
 [0. 0. 0.]
 [0. 0. 0.]]",1.0,0.0,0.0,0.0,0.0,0.4714248268067469,5.602789781632826,9.0,1.343431487487647,0.0
167197.0,64.89559999999999,4.153318399999999,"[[0. 0. 0.]
 [0. 0. 1.]
 [0. 1. 2.]]","[[0. 0. 0.]
 [0. 0. 0.]
 [0. 0. 0.]]",3.0,0.0,3.0,3.0,0.0,0.991412412486586,0.9707910343068649,9.0,1.3510423711201083,0.5866750937477829
167198.0,0.0,0.0,"[[0. 0. 0.]
 [0. 0. 0.]
 [0. 0. 0.]]","[[0. 0. 0.]
 [0. 0. 0.]
 [0. 0. 0.]]",0.0,0.0,0.0,0.0,0.0,0.3431435296596358,-0.45953781492018153,4.0,1.2908659433847298,0.0
167199.0,34.2804,2.1939456,"[[0. 1. 0.]
 [0. 0. 0.]
 [0. 0. 0.]]","[[0. 0. 0.]
 [0. 0. 0.]
 [0. 0. 0.]]",0.0,0.0,1.0,1.0,0.0,0.5442314007365832,0.3931527638921076,4.0,1.3219878054171903,0.0
167200.0,66.5126,4.2568064,"[[1. 1. 0.]
 [0. 0. 0.]
 [0. 0. 1.]]","[[0. 0. 0.]
 [0. 0. 0.]
 [0. 0. 0.]]",1.0,0.0,3.0,3.0,0.0,0.7344725813876362,2.551263958708093,7.0,1.448852556366321,0.0
167201.0,82.77439999999999,5.297561599999999,"[[1. 1. 0.]
 [0. 0. 0.]
 [0. 0. 0.]]","[[0. 0. 0.]
 [0. 0. 0.]
 [0. 0. 0.]]",1.0,1.0,1.0,2.0,0.0,0.5384491638163779,1.873372330749942,7.0,1.57835168231513,0.0
167202.0,0.0,0.0,"[[0. 0. 0.]
 [0. 0. 0.]
 [0. 0. 0.]]","[[0. 0. 0.]
 [0. 0. 0.]
 [0. 0. 0.]]",0.0,0.0,0.0,0.0,0.0,0.5187130591630041,1.9233880233764196,6.0,1.4892500267989128,0.0
167203.0,17.571399999999997,1.1245695999999998,"[[0. 0. 0.]
 [0. 0. 0.]
 [0. 0. 1.]]","[[0. 0. 0.]
 [0. 0. 0.]
 [0. 1. 0.]]",0.0,0.0,0.0,0.0,0.0,0.6009044469999761,1.3955404877127444,6.0,1.8788585931989061,0.0
167204.0,0.0,0.0,"[[0. 0. 0.]
 [0. 0. 0.]
 [0. 0. 0.]]","[[0. 0. 0.]
 [0. 0. 0.]
 [0. 0. 0.]]",0.0,0.0,0.0,0.0,0.0,0.10451468896937528,0.10225717168763677,5.0,1.7092628663536333,0.0
167205.0,0.0,0.0,"[[0. 0. 0.]
 [0. 0. 0.]
 [0. 0. 0.]]","[[0. 0. 0.]
 [0. 0. 0.]
 [0. 0. 0.]]",0.0,0.0,0.0,0.0,0.0,0.24572388974285256,-0.21407465274397314,5.0,1.5807461797333724,0.0
167206.0,0.0,0.0,"[[0. 0. 0.]
 [0. 0. 0.]
 [0. 0. 0.]]","[[0. 0. 0.]
 [0. 0. 0.]
 [0. 0. 0.]]",0.0,0.0,0.0,0.0,0.0,0.1371863327809104,-0.3144310747338466,4.0,1.4606549310878192,0.0
167207.0,53.9,3.4495999999999998,"[[0. 0. 0.]
 [1. 0. 0.]
 [0. 0. 0.]]","[[1. 0. 0.]
 [0. 0. 0.]
 [0. 0. 0.]]",0.0,0.0,0.0,0.0,0.0,0.21647986341996694,-0.07446907301646863,5.0,1.483630891355446,0.0
167208.0,0.0,0.0,"[[0. 0. 0.]
 [0. 0. 0.]
 [0. 0. 0.]]","[[0. 0. 0.]
 [0. 0. 0.]
 [0. 0. 0.]]",0.0,0.0,0.0,0.0,0.0,0.21978416409980794,-0.23174042262683575,5.0,1.3475681027299353,0.0
167209.0,0.0,0.0,"[[0. 0. 0.]
 [0. 0. 0.]
 [0. 0. 0.]]","[[0. 0. 0.]
 [0. 0. 0.]
 [0. 0. 0.]]",0.0,0.0,0.0,0.0,0.0,-0.26232059451427486,-1.786298320404406,5.0,1.0681101209755832,0.0
167210.0,0.0,0.0,"[[0. 0. 0.]
 [0. 0. 0.]
 [0. 0. 0.]]","[[0. 0. 0.]
 [0. 0. 0.]
 [0. 0. 0.]]",0.0,0.0,0.0,0.0,0.0,-0.06395672810328276,-0.21468994489709955,5.0,0.8487373662587507,0.0
167211.0,0.0,0.0,"[[0. 0. 0.]
 [0. 0. 0.]
 [0. 0. 0.]]","[[0. 0. 0.]
 [0. 0. 0.]
 [0. 0. 0.]]",0.0,0.0,0.0,0.0,0.0,0.08142949242245665,-0.06110469111381146,5.0,0.6717533800173986,0.0
167212.0,0.0,0.0,"[[0. 0. 0.]
 [0. 0. 0.]
 [0. 0. 0.]]","[[0. 0. 0.]
 [0. 0. 0.]
 [0. 0. 0.]]",0.0,0.0,0.0,0.0,0.0,0.30622750080339556,1.0179002126704866,5.0,0.5608377438874774,0.0
167213.0,0.0,0.0,"[[0. 0. 0.]
 [0. 0. 0.]
 [0. 0. 0.]]","[[0. 0. 0.]
 [0. 0. 0.]
 [0. 0. 0.]]",0.0,0.0,0.0,0.0,0.0,0.2610680114627682,0.8794859170157736,5.0,0.4367848017675554,0.0
167214.0,35.8974,2.2974335999999997,"[[0. 1. 0.]
 [0. 0. 0.]
 [0. 0. 0.]]","[[0. 1. 0.]
 [0. 0. 0.]
 [0. 0. 0.]]",0.0,0.0,0.0,0.0,0.0,0.09191430321547521,0.3232442215481832,5.0,0.4897767076296508,0.0
167215.0,65.0034,4.1602176,"[[0. 0. 0.]
 [0. 1. 0.]
 [0. 1. 0.]]","[[0. 1. 0.]
 [0. 0. 0.]
 [0. 1. 0.]]",0.0,0.0,0.0,0.0,0.0,-0.12468457582008191,-0.4832774158786375,6.0,1.7290062054547672,0.9866428903054607
167216.0,0.0,0.0,"[[0. 0. 0.]
 [0. 0. 0.]
 [0. 0. 0.]]","[[0. 0. 0.]
 [0. 0. 0.]
 [0. 0. 0.]]",0.0,0.0,0.0,0.0,0.0,-0.2710824342606083,-1.0990766214662104,4.0,1.4868942265791143,1.640095497894269
167217.0,37.945600000000006,2.4285184000000006,"[[0. 0. 0.]
 [1. 0. 0.]
 [1. 0. 0.]]","[[1. 0. 0.]
 [0. 0. 0.]
 [0. 0. 0.]]",1.0,0.0,0.0,0.0,0.0,-0.1104299990076438,-0.6143441704793241,6.0,1.43231982317237,0.0
167218.0,10.779999999999994,0.6899199999999996,"[[0. 1. 0.]
 [0. 0. 0.]
 [0. 0. 0.]]","[[1. 0. 0.]
 [0. 0. 0.]
 [0. 0. 0.]]",0.0,0.0,0.0,0.0,0.0,0.7110258942717258,3.955579255012465,7.0,1.519163719687781,0.0
167219.0,19.7274,1.2625536,"[[0. 0. 0.]
 [0. 0. 0.]
 [0. 1. 0.]]","[[0. 0. 0.]
 [0. 0. 0.]
 [0. 0. 0.]]",1.0,0.0,0.0,0.0,0.0,0.31311207384968703,1.1159314312002846,7.0,1.3344897804502471,0.0
167220.0,68.99199999999999,4.415488,"[[0. 1. 0.]
 [0. 0. 2.]
 [1. 0. 0.]]","[[0. 0. 0.]
 [0. 0. 0.]
 [0. 0. 0.]]",1.0,0.0,3.0,3.0,0.0,1.1114869980261446,3.5612043416757584,11.0,1.3218314526033077,0.0
167221.0,78.69399999999999,5.036415999999999,"[[1. 0. 0.]
 [0. 0. 0.]
 [0. 0. 1.]]","[[0. 0. 0.]
 [0. 0. 0.]
 [0. 0. 0.]]",1.0,0.0,2.0,2.0,0.0,0.6219849145812075,1.979404792163235,11.0,1.1295673871962673,0.0
167222.0,39.2392,2.5113087999999997,"[[0. 0. 1.]
 [0. 0. 0.]
 [0. 0. 0.]]","[[0. 0. 1.]
 [0. 0. 0.]
 [0. 0. 0.]]",0.0,0.0,0.0,0.0,0.0,0.6661081892210705,1.8405901484556622,9.0,1.414583584933017,0.9866428903054607
167223.0,41.82640000000001,2.6768896000000004,"[[0. 0. 1.]
 [0. 0. 0.]
 [0. 0. 0.]]","[[0. 1. 0.]
 [0. 0. 0.]
 [0. 0. 0.]]",0.0,0.0,0.0,0.0,0.0,0.7362635804748898,2.0344435255682156,8.0,1.5119200410121008,1.373358696914093
167224.0,45.59940000000001,2.9183616000000008,"[[0. 0. 0.]
 [0. 0. 1.]
 [0. 0. 0.]]","[[0. 0. 1.]
 [0. 0. 0.]
 [0. 0. 0.]]",0.0,0.0,0.0,0.0,0.0,0.5243744654163849,1.9296980327322963,6.0,2.294957961701627,1.373358696914093
167225.0,118.88739999999999,7.608793599999999,"[[0. 0. 0.]
 [2. 0. 0.]
 [0. 0. 0.]]","[[0. 0. 0.]
 [1. 0. 0.]
 [0. 0. 0.]]",0.0,1.0,0.0,1.0,0.0,0.06074339143369564,0.20458374234868693,7.0,2.74891812721863,0.0
167226.0,25.764199999999995,1.6489087999999998,"[[0. 1. 0.]
 [0. 0. 0.]
 [0. 0. 0.]]","[[0. 0. 0.]
 [0. 0. 0.]
 [0. 0. 0.]]",0.0,0.0,1.0,1.0,0.0,-0.11668959989235342,-3.379330812882555,7.0,2.4562695026991355,0.0
167227.0,0.0,0.0,"[[0. 0. 0.]
 [0. 0. 0.]
 [0. 0. 0.]]","[[0. 0. 0.]
 [0. 0. 0.]
 [0. 0. 0.]]",0.0,0.0,0.0,0.0,0.0,0.2553929801577216,1.0326048973737,7.0,2.248916329595043,0.0
167228.0,13.475000000000001,0.8624,"[[0. 0. 0.]
 [0. 0. 0.]
 [0. 1. 0.]]","[[0. 0. 0.]
 [0. 0. 0.]
 [0. 0. 0.]]",1.0,0.0,0.0,0.0,0.0,0.8765819375990678,3.5771555709542757,8.0,2.2139219841693176,0.0
167229.0,0.0,0.0,"[[0. 0. 0.]
 [0. 0. 0.]
 [0. 0. 0.]]","[[0. 0. 0.]
 [0. 0. 0.]
 [0. 0. 0.]]",0.0,0.0,0.0,0.0,0.0,0.11642905853512618,0.40638398591100444,7.0,1.9660965942224164,0.0
167230.0,0.0,0.0,"[[0. 0. 0.]
 [0. 0. 0.]
 [0. 0. 0.]]","[[0. 0. 0.]
 [0. 0. 0.]
 [0. 0. 0.]]",0.0,0.0,0.0,0.0,0.0,0.1596710736480083,0.5499071776437405,6.0,1.772546361101837,0.0
167231.0,0.0,0.0,"[[0. 0. 0.]
 [0. 0. 0.]
 [0. 0. 0.]]","[[0. 0. 0.]
 [0. 0. 0.]
 [0. 0. 0.]]",0.0,0.0,0.0,0.0,0.0,0.21535052895331314,0.8507207295771682,6.0,1.5951937877064373,0.0
167232.0,0.0,0.0,"[[0. 0. 0.]
 [0. 0. 0.]
 [0. 0. 0.]]","[[0. 0. 0.]
 [0. 0. 0.]
 [0. 0. 0.]]",0.0,0.0,0.0,0.0,0.0,0.22066309167165624,0.7573157306171242,5.0,1.4593866871018277,0.78668360316631
167233.0,0.0,0.0,"[[0. 0. 0.]
 [0. 0. 0.]
 [0. 0. 0.]]","[[0. 0. 0.]
 [0. 0. 0.]
 [0. 0. 0.]]",0.0,0.0,0.0,0.0,0.0,0.12736071731088067,0.43343399315238906,5.0,1.2963121516185947,0.0
167234.0,0.0,0.0,"[[0. 0. 0.]
 [0. 0. 0.]
 [0. 0. 0.]]","[[0. 0. 0.]
 [0. 0. 0.]
 [0. 0. 0.]]",0.0,0.0,0.0,0.0,0.0,0.36656944334722075,1.222289151896973,5.0,1.2029505351377865,0.0
167235.0,0.0,0.0,"[[0. 0. 0.]
 [0. 0. 0.]
 [0. 0. 0.]]","[[0. 0. 0.]
 [0. 0. 0.]
 [0. 0. 0.]]",0.0,0.0,0.0,0.0,0.0,0.37707733736495364,1.4039343424771953,5.0,1.112342524524204,0.0
167236.0,0.0,0.0,"[[0. 0. 0.]
 [0. 0. 0.]
 [0. 0. 0.]]","[[0. 0. 0.]
 [0. 0. 0.]
 [0. 0. 0.]]",0.0,0.0,0.0,0.0,0.0,0.4178027498444472,1.2881694383203994,5.0,1.0338851426607707,0.0
167237.0,37.73,2.41472,"[[0. 0. 0.]
 [0. 0. 0.]
 [0. 1. 0.]]","[[0. 0. 0.]
 [0. 1. 0.]
 [0. 0. 0.]]",0.0,0.0,0.0,0.0,0.0,0.25219067186988886,0.6968532645108769,5.0,1.1667239710018669,0.9866428903054607
167238.0,86.779,5.553856,"[[0. 0. 0.]
 [0. 1. 1.]
 [0. 0. 0.]]","[[0. 0. 0.]
 [0. 1. 0.]
 [0. 0. 0.]]",0.0,0.0,1.0,1.0,0.0,0.6725348310023547,1.1734387731329083,7.0,1.3603704672934611,0.0
167239.0,32.34,2.06976,"[[0. 0. 0.]
 [0. 0. 0.]
 [1. 0. 0.]]","[[0. 0. 0.]
 [0. 0. 0.]
 [0. 0. 0.]]",0.0,0.0,1.0,1.0,0.0,-0.00674970623530665,-0.022765409190442214,7.0,1.196002339792764,0.0
167240.0,104.24259999999998,6.671526399999999,"[[0. 0. 0.]
 [1. 2. 0.]
 [0. 0. 0.]]","[[0. 0. 0.]
 [1. 0. 0.]
 [0. 0. 0.]]",1.0,0.0,2.0,2.0,0.0,-0.2090479825250805,-1.9990004280978297,9.0,1.1838851817828193,0.7199930099430226
167241.0,18.972799999999992,1.2142591999999994,"[[0. 0. 0.]
 [0. 0. 0.]
 [0. 0. 2.]]","[[0. 0. 0.]
 [0. 0. 0.]
 [0. 0. 0.]]",2.0,0.0,2.0,2.0,0.0,0.16664406093535328,0.7035045676446873,11.0,0.8394102466225766,0.0
167242.0,18.865,1.20736,"[[0. 0. 1.]
 [0. 0. 0.]
 [0. 0. 0.]]","[[0. 0. 0.]
 [0. 0. 0.]
 [0. 0. 0.]]",0.0,0.0,1.0,1.0,0.0,1.1820074363586146,3.813628792667434,11.0,0.8732669553814464,0.0
167243.0,144.3442,9.2380288,"[[1. 0. 1.]
 [0. 1. 0.]
 [0. 1. 2.]]","[[0. 0. 0.]
 [0. 0. 0.]
 [0. 0. 0.]]",4.0,0.0,5.0,5.0,0.0,1.0678079447381756,1.170317507433032,15.0,0.8083019938507338,0.0
167244.0,40.101600000000005,2.5665024000000005,"[[1. 0. 0.]
 [0. 0. 0.]
 [1. 0. 1.]]","[[0. 0. 0.]
 [0. 0. 0.]
 [0. 0. 0.]]",3.0,0.0,2.0,2.0,0.0,1.2043666205748538,3.0822150553751655,17.0,0.6086411012150454,0.0
167245.0,0.0,0.0,"[[0. 0. 0.]
 [0. 0. 0.]
 [0. 0. 0.]]","[[0. 0. 0.]
 [0. 0. 0.]
 [0. 0. 0.]]",0.0,0.0,0.0,0.0,0.0,1.2667613977440295,-3.224667814097202,12.0,0.4971535078314905,0.0
167246.0,25.009599999999992,1.6006143999999995,"[[0. 1. 0.]
 [0. 0. 0.]
 [0. 0. 0.]]","[[0. 1. 0.]
 [0. 0. 0.]
 [0. 0. 0.]]",0.0,0.0,0.0,0.0,0.0,0.924012240094326,0.7399490018675363,11.0,0.8731570685862036,0.0
167247.0,150.5806,9.6371584,"[[0. 1. 2.]
 [2. 0. 0.]
 [0. 0. 0.]]","[[0. 0. 0.]
 [0. 0. 0.]
 [0. 0. 0.]]",2.0,1.0,2.0,3.0,0.0,1.2002629081606864,4.198039547582817,11.0,1.3035838292533568,1.8400030387230992
167248.0,48.0788,3.0770432000000003,"[[0. 1. 0.]
 [0. 0. 2.]
 [0. 0. 0.]]","[[0. 0. 0.]
 [0. 0. 1.]
 [0. 0. 0.]]",0.0,0.0,2.0,2.0,0.0,0.22260803902486997,2.9562347582502735,12.0,1.387185131797913,0.0
167249.0,72.226,4.622464,"[[1. 0. 0.]
 [0. 0. 0.]
 [1. 0. 0.]]","[[1. 0. 0.]
 [0. 0. 0.]
 [0. 0. 0.]]",1.0,0.0,1.0,1.0,0.0,-0.1331663237594927,-2.1958594122645305,10.0,1.3556323473491627,0.0
167250.0,27.812400000000004,1.7799936000000003,"[[1. 0. 0.]
 [0. 0. 0.]
 [0. 0. 0.]]","[[0. 0. 0.]
 [0. 0. 0.]
 [0. 0. 0.]]",1.0,0.0,1.0,1.0,0.0,0.14663665992701225,1.9241075968982837,8.0,1.0924932358844879,2.040063294451947
167251.0,0.0,0.0,"[[0. 0. 0.]
 [0. 0. 0.]
 [0. 0. 0.]]","[[0. 0. 0.]
 [0. 0. 0.]
 [0. 0. 0.]]",0.0,0.0,0.0,0.0,0.0,0.6136502027470805,2.080028727231504,5.0,1.0710096585018203,0.7199930099430226
167252.0,0.0,0.0,"[[0. 0. 0.]
 [0. 0. 0.]
 [0. 0. 0.]]","[[0. 0. 0.]
 [0. 0. 0.]
 [0. 0. 0.]]",0.0,0.0,0.0,0.0,0.0,0.6272553826880363,1.7327302691374313,5.0,1.053483951647431,0.0
167253.0,0.0,0.0,"[[0. 0. 0.]
 [0. 0. 0.]
 [0. 0. 0.]]","[[0. 0. 0.]
 [0. 0. 0.]
 [0. 0. 0.]]",0.0,0.0,0.0,0.0,0.0,0.08680784995756789,0.2571595747142991,4.0,0.9187371443623599,0.0
167254.0,29.645000000000003,1.8972800000000003,"[[0. 0. 0.]
 [0. 0. 0.]
 [0. 0. 1.]]","[[0. 0. 0.]
 [0. 1. 0.]
 [0. 0. 0.]]",0.0,0.0,0.0,0.0,0.0,0.5373776099288763,1.7337951206745263,5.0,1.2850651763416692,0.0
167255.0,0.0,0.0,"[[0. 0. 0.]
 [0. 0. 0.]
 [0. 0. 0.]]","[[0. 0. 0.]
 [0. 0. 0.]
 [0. 0. 0.]]",0.0,0.0,0.0,0.0,0.0,0.5074974527955056,1.3121854139480593,5.0,1.2327007989730892,0.0
167256.0,0.0,0.0,"[[0. 0. 0.]
 [0. 0. 0.]
 [0. 0. 0.]]","[[0. 0. 0.]
 [0. 0. 0.]
 [0. 0. 0.]]",0.0,0.0,0.0,0.0,0.0,0.49809691261500116,1.3281256077966392,5.0,1.1776017190065442,0.0
167257.0,0.0,0.0,"[[0. 0. 0.]
 [0. 0. 0.]
 [0. 0. 0.]]","[[0. 0. 0.]
 [0. 0. 0.]
 [0. 0. 0.]]",0.0,0.0,0.0,0.0,0.0,0.1795954978600261,0.5452519315030392,5.0,1.0298476820203697,0.0
167258.0,0.0,0.0,"[[0. 0. 0.]
 [0. 0. 0.]
 [0. 0. 0.]]","[[0. 0. 0.]
 [0. 0. 0.]
 [0. 0. 0.]]",0.0,0.0,0.0,0.0,0.0,0.10640563991015423,0.39293474706021747,5.0,0.8608020499942327,0.0
167259.0,0.0,0.0,"[[0. 0. 0.]
 [0. 0. 0.]
 [0. 0. 0.]]","[[0. 0. 0.]
 [0. 0. 0.]
 [0. 0. 0.]]",0.0,0.0,0.0,0.0,0.0,0.11931435585021971,0.44413575821685786,5.0,0.6955116807870241,0.0
167260.0,0.0,0.0,"[[0. 0. 0.]
 [0. 0. 0.]
 [0. 0. 0.]]","[[0. 0. 0.]
 [0. 0. 0.]
 [0. 0. 0.]]",0.0,0.0,0.0,0.0,0.0,0.11885522353649142,0.3924124060280801,5.0,0.5300877458158215,0.0
167261.0,0.0,0.0,"[[0. 0. 0.]
 [0. 0. 0.]
 [0. 0. 0.]]","[[0. 0. 0.]
 [0. 0. 0.]
 [0. 0. 0.]]",0.0,0.0,0.0,0.0,0.0,0.035945241684331664,0.12040218154583733,5.0,0.340544543396718,0.0
167262.0,0.0,0.0,"[[0. 0. 0.]
 [0. 0. 0.]
 [0. 0. 0.]]","[[0. 0. 0.]
 [0. 0. 0.]
 [0. 0. 0.]]",0.0,0.0,0.0,0.0,0.0,0.060466335205934446,0.23088465435033959,4.0,0.1980578404852986,0.78668360316631
167263.0,79.233,5.070912000000001,"[[0. 1. 0.]
 [0. 0. 0.]
 [1. 0. 0.]]","[[0. 0. 0.]
 [0. 0. 0.]
 [0. 0. 0.]]",1.0,1.0,1.0,1.0,0.0,0.26677518012965196,0.886760698750963,4.0,0.26166516561392456,1.1199608065007003
167264.0,38.48459999999999,2.4630143999999996,"[[0. 0. 1.]
 [0. 0. 1.]
 [0. 1. 0.]]","[[0. 0. 0.]
 [0. 0. 0.]
 [0. 0. 0.]]",1.0,0.0,2.0,2.0,0.0,0.11629907039205654,2.0758918868700524,6.0,0.19269762245525016,0.5866750937477829
167265.0,20.697599999999994,1.3246463999999996,"[[0. 0. 0.]
 [1. 0. 0.]
 [0. 0. 0.]]","[[1. 0. 0.]
 [0. 0. 0.]
 [0. 0. 0.]]",0.0,0.0,0.0,0.0,0.0,0.4088709594011308,1.6135683541806225,4.0,0.354841901553761,0.0
167266.0,4.2042,0.2690688,"[[0. 0. 0.]
 [1. 0. 0.]
 [0. 0. 0.]]","[[0. 0. 0.]
 [0. 0. 0.]
 [0. 0. 0.]]",1.0,0.0,0.0,0.0,0.0,0.4464412395954132,1.6189745112688028,5.0,0.3091157167087902,0.0
167267.0,121.5984,7.7822976,"[[1. 0. 2.]
 [0. 0. 0.]
 [0. 0. 0.]]","[[0. 0. 0.]
 [0. 0. 0.]
 [0. 0. 0.]]",0.0,0.0,3.0,3.0,0.0,0.678436587654565,2.322424126859107,6.0,0.33527908766284553,0.9200015193615496
167268.0,15.091999999999999,0.965888,"[[0. 0. 0.]
 [0. 0. 0.]
 [0. 0. 1.]]","[[0. 0. 0.]
 [0. 0. 0.]
 [0. 0. 0.]]",1.0,0.0,1.0,1.0,0.0,0.6871287714653356,2.9194727242019174,7.0,0.2791710939073068,0.0
167269.0,11.9658,0.7658112,"[[0. 0. 0.]
 [1. 0. 0.]
 [0. 0. 0.]]","[[0. 0. 0.]
 [0. 0. 0.]
 [0. 0. 0.]]",1.0,0.0,0.0,0.0,0.0,0.7249958625988875,6.212924544127426,7.0,0.24567898120880144,0.0
167270.0,0.0,0.0,"[[0. 0. 0.]
 [0. 0. 0.]
 [0. 0. 0.]]","[[0. 0. 0.]
 [0. 0. 0.]
 [0. 0. 0.]]",0.0,0.0,0.0,0.0,0.0,0.089238641003266,2.751262997587092,5.0,0.07163931313702428,0.0
167271.0,40.74839999999999,2.6078975999999994,"[[1. 0. 0.]
 [0. 0. 0.]
 [0. 1. 0.]]","[[0. 0. 0.]
 [0. 0. 0.]
 [0. 0. 0.]]",2.0,0.0,1.0,1.0,0.0,0.4139060351456248,2.470191217749089,6.0,0.000848341543024258,0.0
167272.0,72.87279999999998,4.663859199999999,"[[0. 0. 0.]
 [0. 1. 1.]
 [0. 0. 1.]]","[[0. 0. 0.]
 [0. 1. 1.]
 [0. 0. 0.]]",1.0,0.0,1.0,1.0,0.0,0.039183254502713566,0.1843180291807646,5.0,1.0586741217089424,0.5866750937477829
167273.0,19.7274,1.2625536,"[[0. 0. 0.]
 [0. 0. 0.]
 [0. 0. 1.]]","[[0. 0. 0.]
 [0. 0. 0.]
 [0. 0. 0.]]",1.0,0.0,1.0,1.0,0.0,0.007889033123850725,0.03348105657762247,5.0,0.9045651165592247,0.0
167274.0,97.3434,6.229977600000001,"[[0. 1. 0.]
 [0. 0. 0.]
 [1. 0. 1.]]","[[0. 0. 1.]
 [0. 0. 0.]
 [0. 0. 0.]]",1.0,0.0,1.0,1.0,0.0,-0.0500352336542749,-0.18861281678315425,7.0,1.1643663406993858,0.0
167275.0,0.0,0.0,"[[0. 0. 0.]
 [0. 0. 0.]
 [0. 0. 0.]]","[[0. 0. 0.]
 [0. 0. 0.]
 [0. 0. 0.]]",0.0,0.0,0.0,0.0,0.0,0.5674471054780851,1.961097196532262,6.0,1.0894418622930107,0.0
167276.0,18.757199999999994,1.2004607999999997,"[[0. 0. 0.]
 [1. 0. 0.]
 [0. 0. 0.]]","[[0. 0. 0.]
 [0. 0. 0.]
 [0. 0. 0.]]",1.0,0.0,0.0,0.0,0.0,0.8089490576010405,2.189339729491456,6.0,1.0951724972314953,0.0
167277.0,4.4198,0.28286720000000004,"[[0. 0. 0.]
 [0. 0. 0.]
 [0. 0. 1.]]","[[0. 0. 0.]
 [0. 0. 0.]
 [0. 0. 0.]]",1.0,0.0,1.0,1.0,0.0,0.2919400989688958,0.7784290798906637,5.0,1.003463794539404,0.0
167278.0,0.0,0.0,"[[0. 0. 0.]
 [0. 0. 0.]
 [0. 0. 0.]]","[[0. 0. 0.]
 [0. 0. 0.]
 [0. 0. 0.]]",0.0,0.0,0.0,0.0,0.0,0.4047632179027029,1.3383091036734966,3.0,1.0012130942929176,0.0
167279.0,0.0,0.0,"[[0. 0. 0.]
 [0. 0. 0.]
 [0. 0. 0.]]","[[0. 0. 0.]
 [0. 0. 0.]
 [0. 0. 0.]]",0.0,0.0,0.0,0.0,0.0,0.07100742485426534,0.17535993642009368,3.0,0.9010722211277259,0.0
167280.0,0.0,0.0,"[[0. 0. 0.]
 [0. 0. 0.]
 [0. 0. 0.]]","[[0. 0. 0.]
 [0. 0. 0.]
 [0. 0. 0.]]",0.0,0.0,0.0,0.0,0.0,0.20952148552194413,0.577441214098478,3.0,0.8420239260068368,0.0
167281.0,0.0,0.0,"[[0. 0. 0.]
 [0. 0. 0.]
 [0. 0. 0.]]","[[0. 0. 0.]
 [0. 0. 0.]
 [0. 0. 0.]]",0.0,0.0,0.0,0.0,0.0,0.25418503575679025,0.7357131674944537,3.0,0.7959686636815395,0.0
167282.0,0.0,0.0,"[[0. 0. 0.]
 [0. 0. 0.]
 [0. 0. 0.]]","[[0. 0. 0.]
 [0. 0. 0.]
 [0. 0. 0.]]",0.0,0.0,0.0,0.0,0.0,0.09809011994843217,0.3309168286580308,3.0,0.7045039713029015,0.0
167283.0,0.0,0.0,"[[0. 0. 0.]
 [0. 0. 0.]
 [0. 0. 0.]]","[[0. 0. 0.]
 [0. 0. 0.]
 [0. 0. 0.]]",0.0,0.0,0.0,0.0,0.0,0.022603991006410067,0.076256824059225,3.0,0.5910796777774937,0.0
167284.0,0.0,0.0,"[[0. 0. 0.]
 [0. 0. 0.]
 [0. 0. 0.]]","[[0. 0. 0.]
 [0. 0. 0.]
 [0. 0. 0.]]",0.0,0.0,0.0,0.0,0.0,0.25304649632653553,0.8621800222837719,3.0,0.5446932039815767,0.0
167285.0,0.0,0.0,"[[0. 0. 0.]
 [0. 0. 0.]
 [0. 0. 0.]]","[[0. 0. 0.]
 [0. 0. 0.]
 [0. 0. 0.]]",0.0,0.0,0.0,0.0,0.0,0.18911767412413694,0.5569137267607585,3.0,0.47970925463587105,0.0
167286.0,133.656,8.553984,"[[0. 0. 1.]
 [0. 0. 1.]
 [0. 0. 0.]]","[[0. 0. 0.]
 [0. 0. 0.]
 [0. 0. 0.]]",0.0,1.0,2.0,2.0,0.0,0.27204326636162934,0.9151535480405211,4.0,0.5429084831432988,1.1199608065007003
167287.0,178.60859999999997,11.430950399999999,"[[0. 1. 0.]
 [2. 0. 1.]
 [0. 1. 0.]]","[[1. 0. 0.]
 [0. 0. 0.]
 [0. 0. 0.]]",1.0,1.0,3.0,3.0,0.0,0.34024832036374997,5.077865933108604,9.0,0.6181196166858313,0.0
167288.0,67.2672,4.3051008,"[[0. 1. 1.]
 [0. 0. 0.]
 [0. 0. 0.]]","[[1. 0. 0.]
 [0. 0. 0.]
 [0. 0. 0.]]",0.0,0.0,1.0,1.0,0.0,0.2581065756005864,5.610204527254346,10.0,0.520568159257711,0.0
167289.0,21.559999999999995,1.3798399999999997,"[[0. 0. 0.]
 [1. 0. 0.]
 [1. 0. 0.]]","[[0. 0. 0.]
 [0. 0. 0.]
 [0. 0. 0.]]",2.0,0.0,0.0,0.0,0.0,0.473312961448931,10.545034130713024,11.0,0.3370119268035318,0.0
167290.0,71.90259999999999,4.6017664,"[[0. 0. 0.]
 [0. 2. 0.]
 [0. 1. 1.]]","[[0. 0. 0.]
 [0. 0. 0.]
 [0. 0. 0.]]",3.0,0.0,3.0,3.0,0.0,0.9930092622203076,22.19256539950921,15.0,0.2387304722202833,0.0
167291.0,0.0,0.0,"[[0. 0. 0.]
 [0. 0. 0.]
 [0. 0. 0.]]","[[0. 0. 0.]
 [0. 0. 0.]
 [0. 0. 0.]]",0.0,0.0,0.0,0.0,0.0,1.2248684305001345,22.54247859492448,11.0,0.1550558338203225,0.9866428903054607
167292.0,47.53979999999999,3.0425471999999996,"[[0. 0. 0.]
 [0. 0. 2.]
 [0. 0. 0.]]","[[0. 0. 0.]
 [0. 0. 0.]
 [0. 0. 0.]]",0.0,0.0,2.0,2.0,0.0,0.6339158177368616,18.84454229702723,9.0,0.003067708071045834,0.0
167293.0,12.828199999999992,0.8210047999999995,"[[0. 0. 0.]
 [0. 0. 1.]
 [0. 1. 0.]]","[[0. 0. 0.]
 [0. 0. 0.]
 [0. 0. 0.]]",1.0,0.0,1.0,1.0,0.0,1.0520414866590622,5.720580787857317,9.0,0.02151614055368224,0.9200015193615496
167294.0,23.93159999999999,1.5316223999999994,"[[0. 0. 0.]
 [1. 1. 0.]
 [0. 0. 1.]]","[[0. 0. 0.]
 [0. 0. 0.]
 [0. 0. 0.]]",3.0,0.0,2.0,2.0,0.0,1.1341881350966103,3.8517029067880886,10.0,0.022661779854514393,0.0
167295.0,7.7616,0.4967424,"[[0. 0. 0.]
 [0. 0. 0.]
 [1. 0. 0.]]","[[0. 0. 0.]
 [0. 0. 0.]
 [0. 0. 0.]]",1.0,0.0,0.0,0.0,0.0,0.7086001317501067,6.687484603404807,6.0,1.7763568394002505e-17,0.5866750937477829
167296.0,6.036799999999998,0.38635519999999984,"[[0. 0. 0.]
 [0. 0. 0.]
 [0. 0. 1.]]","[[0. 0. 0.]
 [0. 0. 0.]
 [0. 0. 0.]]",1.0,0.0,1.0,1.0,0.0,0.2144999999999999,0.7284419999999997,2.0,0.0,0.5866750937477829
167297.0,37.94559999999999,2.4285183999999997,"[[0. 0. 0.]
 [0. 1. 1.]
 [0. 0. 0.]]","[[0. 0. 0.]
 [0. 1. 0.]
 [0. 0. 0.]]",0.0,0.0,1.0,1.0,0.0,-0.06052659595012671,-0.204434630481148,2.0,0.40023950749305165,0.0
167298.0,38.808,2.483712,"[[0. 0. 0.]
 [0. 0. 0.]
 [1. 0. 0.]]","[[0. 0. 0.]
 [1. 0. 0.]
 [0. 0. 0.]]",0.0,0.0,0.0,0.0,0.0,-0.23837642228603367,-3.790566516623593,2.0,0.7040343135099283,0.0
167299.0,284.1128,18.1832192,"[[0. 1. 0.]
 [1. 0. 1.]
 [2. 0. 0.]]","[[0. 0. 0.]
 [0. 1. 0.]
 [0. 0. 0.]]",1.0,3.0,0.0,3.0,0.0,0.19965427142381675,0.8160269381634239,7.0,1.4665940564727291,0.0
167300.0,77.6,4.9664,"[[0. 1. 0.]
 [0. 0. 0.]
 [0. 0. 0.]]","[[0. 0. 0.]
 [0. 0. 0.]
 [0. 0. 0.]]",0.0,1.0,0.0,1.0,0.0,0.8993786817789078,3.029107400231361,8.0,2.759533720030764,0.0
167301.0,33.6336,2.1525504,"[[0. 1. 0.]
 [0. 0. 0.]
 [0. 0. 0.]]","[[0. 1. 0.]
 [0. 0. 0.]
 [0. 0. 0.]]",0.0,0.0,0.0,0.0,0.0,-0.07846871924400328,-0.24714507813091208,8.0,2.6476665982272722,0.0
167302.0,0.0,0.0,"[[0. 0. 0.]
 [0. 0. 0.]
 [0. 0. 0.]]","[[0. 0. 0.]
 [0. 0. 0.]
 [0. 0. 0.]]",0.0,0.0,0.0,0.0,0.0,1.0684541842711943,3.2506650102266814,8.0,2.63848963365162,0.0
167303.0,0.0,0.0,"[[0. 0. 0.]
 [0. 0. 0.]
 [0. 0. 0.]]","[[0. 0. 0.]
 [0. 0. 0.]
 [0. 0. 0.]]",0.0,0.0,0.0,0.0,0.0,0.9607032830875659,0.04227094445585291,8.0,2.5979669523680027,0.0
167304.0,0.0,0.0,"[[0. 0. 0.]
 [0. 0. 0.]
 [0. 0. 0.]]","[[0. 0. 0.]
 [0. 0. 0.]
 [0. 0. 0.]]",0.0,0.0,0.0,0.0,0.0,,,,,0.0
167305.0,,,,,,,,,,,,,,
167306.0,,,,,,,,,,,,,,
167307.0,,,,,,,,,,,,,,
167308.0,,,,,,,,,,,,,,
167309.0,,,,,,,,,,,,,,
167310.0,,,,,,,,,,,,,,
167311.0,,,,,,,,,,,,,,
167312.0,,,,,,,,,,,,,,
167313.0,,,,,,,,,,,,,,
167314.0,,,,,,,,,,,,,,
167315.0,,,,,,,,,,,,,,
167316.0,,,,,,,,,,,,,,
167317.0,,,,,,,,,,,,,,
167318.0,,,,,,,,,,,,,,
167319.0,,,,,,,,,,,,,,
167320.0,,,,,,,,,,,,,,
167321.0,,,,,,,,,,,,,,
167322.0,,,,,,,,,,,,,,
167323.0,,,,,,,,,,,,,,
167324.0,,,,,,,,,,,,,,
167325.0,,,,,,,,,,,,,,
167326.0,,,,,,,,,,,,,,
167327.0,,,,,,,,,,,,,,
167328.0,,,,,,,,,,,,,,
167329.0,,,,,,,,,,,,,,
167330.0,,,,,,,,,,,,,,
167331.0,,,,,,,,,,,,,,
167332.0,,,,,,,,,,,,,,
167333.0,,,,,,,,,,,,,,
167334.0,,,,,,,,,,,,,,
167335.0,,,,,,,,,,,,,,
167336.0,,,,,,,,,,,,,,
167337.0,,,,,,,,,,,,,,
167338.0,,,,,,,,,,,,,,
167339.0,,,,,,,,,,,,,,
167340.0,,,,,,,,,,,,,,
167341.0,,,,,,,,,,,,,,
167342.0,,,,,,,,,,,,,,
167343.0,,,,,,,,,,,,,,
167344.0,,,,,,,,,,,,,,
167345.0,,,,,,,,,,,,,,
167346.0,,,,,,,,,,,,,,
167347.0,,,,,,,,,,,,,,
167348.0,,,,,,,,,,,,,,
167349.0,,,,,,,,,,,,,,
167350.0,,,,,,,,,,,,,,
167351.0,,,,,,,,,,,,,,
167352.0,,,,,,,,,,,,,,
167353.0,,,,,,,,,,,,,,
167354.0,,,,,,,,,,,,,,
167355.0,,,,,,,,,,,,,,
167356.0,,,,,,,,,,,,,,
167357.0,,,,,,,,,,,,,,
167358.0,,,,,,,,,,,,,,
167359.0,,,,,,,,,,,,,,
167360.0,,,,,,,,,,,,,,
167361.0,,,,,,,,,,,,,,
167362.0,,,,,,,,,,,,,,
167363.0,,,,,,,,,,,,,,
167364.0,,,,,,,,,,,,,,
167365.0,,,,,,,,,,,,,,
167366.0,,,,,,,,,,,,,,
167367.0,,,,,,,,,,,,,,
167368.0,,,,,,,,,,,,,,
167369.0,,,,,,,,,,,,,,
167370.0,,,,,,,,,,,,,,
167371.0,,,,,,,,,,,,,,
167372.0,,,,,,,,,,,,,,
167373.0,,,,,,,,,,,,,,
167374.0,,,,,,,,,,,,,,
167375.0,,,,,,,,,,,,,,
167376.0,,,,,,,,,,,,,,
167377.0,,,,,,,,,,,,,,
167378.0,,,,,,,,,,,,,,
167379.0,,,,,,,,,,,,,,
167380.0,,,,,,,,,,,,,,
167381.0,,,,,,,,,,,,,,
167382.0,,,,,,,,,,,,,,
167383.0,,,,,,,,,,,,,,
167384.0,,,,,,,,,,,,,,
167385.0,,,,,,,,,,,,,,
167386.0,,,,,,,,,,,,,,
167387.0,,,,,,,,,,,,,,
167388.0,,,,,,,,,,,,,,
167389.0,,,,,,,,,,,,,,
167390.0,,,,,,,,,,,,,,
167391.0,,,,,,,,,,,,,,
167392.0,,,,,,,,,,,,,,
167393.0,,,,,,,,,,,,,,
167394.0,,,,,,,,,,,,,,
167395.0,,,,,,,,,,,,,,
167396.0,,,,,,,,,,,,,,
167397.0,,,,,,,,,,,,,,
167398.0,,,,,,,,,,,,,,
167399.0,,,,,,,,,,,,,,
167400.0,,,,,,,,,,,,,,
167401.0,,,,,,,,,,,,,,
167402.0,,,,,,,,,,,,,,
167403.0,,,,,,,,,,,,,,
167404.0,,,,,,,,,,,,,,
167405.0,,,,,,,,,,,,,,
167406.0,,,,,,,,,,,,,,
167407.0,,,,,,,,,,,,,,
167408.0,,,,,,,,,,,,,,
167409.0,,,,,,,,,,,,,,
167410.0,,,,,,,,,,,,,,
167411.0,,,,,,,,,,,,,,
167412.0,,,,,,,,,,,,,,
167413.0,,,,,,,,,,,,,,
167414.0,,,,,,,,,,,,,,
167415.0,,,,,,,,,,,,,,
167416.0,,,,,,,,,,,,,,
167417.0,,,,,,,,,,,,,,
167418.0,,,,,,,,,,,,,,
167419.0,,,,,,,,,,,,,,
167420.0,,,,,,,,,,,,,,
167421.0,,,,,,,,,,,,,,
167422.0,,,,,,,,,,,,,,
167423.0,,,,,,,,,,,,,,
167424.0,,,,,,,,,,,,,,
167425.0,,,,,,,,,,,,,,
167426.0,,,,,,,,,,,,,,
167427.0,,,,,,,,,,,,,,
167428.0,,,,,,,,,,,,,,
167429.0,,,,,,,,,,,,,,
167430.0,,,,,,,,,,,,,,
167431.0,,,,,,,,,,,,,,
167432.0,,,,,,,,,,,,,,
167433.0,,,,,,,,,,,,,,
167434.0,,,,,,,,,,,,,,
167435.0,,,,,,,,,,,,,,
167436.0,,,,,,,,,,,,,,
167437.0,,,,,,,,,,,,,,
167438.0,,,,,,,,,,,,,,
167439.0,,,,,,,,,,,,,,
167440.0,,,,,,,,,,,,,,
167441.0,,,,,,,,,,,,,,
167442.0,,,,,,,,,,,,,,
167443.0,,,,,,,,,,,,,,
167444.0,,,,,,,,,,,,,,
167445.0,,,,,,,,,,,,,,
167446.0,,,,,,,,,,,,,,
167447.0,,,,,,,,,,,,,,
167448.0,,,,,,,,,,,,,,
167449.0,,,,,,,,,,,,,,
167450.0,,,,,,,,,,,,,,
167451.0,,,,,,,,,,,,,,
167452.0,,,,,,,,,,,,,,
167453.0,,,,,,,,,,,,,,
167454.0,,,,,,,,,,,,,,
167455.0,,,,,,,,,,,,,,
167456.0,,,,,,,,,,,,,,
167457.0,,,,,,,,,,,,,,
167458.0,,,,,,,,,,,,,,
167459.0,,,,,,,,,,,,,,
167460.0,,,,,,,,,,,,,,
167461.0,,,,,,,,,,,,,,
167462.0,,,,,,,,,,,,,,
167463.0,,,,,,,,,,,,,,
167464.0,,,,,,,,,,,,,,
167465.0,,,,,,,,,,,,,,
167466.0,,,,,,,,,,,,,,
167467.0,,,,,,,,,,,,,,
167468.0,,,,,,,,,,,,,,
167469.0,,,,,,,,,,,,,,
167470.0,,,,,,,,,,,,,,
167471.0,,,,,,,,,,,,,,
167472.0,,,,,,,,,,,,,,
167473.0,,,,,,,,,,,,,,
167474.0,,,,,,,,,,,,,,
167475.0,,,,,,,,,,,,,,
167476.0,,,,,,,,,,,,,,
167477.0,,,,,,,,,,,,,,
167478.0,,,,,,,,,,,,,,
167479.0,,,,,,,,,,,,,,
167480.0,,,,,,,,,,,,,,
167481.0,,,,,,,,,,,,,,
167482.0,,,,,,,,,,,,,,
167483.0,,,,,,,,,,,,,,
167484.0,,,,,,,,,,,,,,
167485.0,,,,,,,,,,,,,,
167486.0,,,,,,,,,,,,,,
167487.0,,,,,,,,,,,,,,
167488.0,,,,,,,,,,,,,,
167489.0,,,,,,,,,,,,,,
167490.0,,,,,,,,,,,,,,
167491.0,,,,,,,,,,,,,,
167492.0,,,,,,,,,,,,,,
167493.0,,,,,,,,,,,,,,
167494.0,,,,,,,,,,,,,,
167495.0,,,,,,,,,,,,,,
167496.0,,,,,,,,,,,,,,
167497.0,,,,,,,,,,,,,,
167498.0,,,,,,,,,,,,,,
167499.0,,,,,,,,,,,,,,
167500.0,,,,,,,,,,,,,,
167501.0,,,,,,,,,,,,,,
167502.0,,,,,,,,,,,,,,
167503.0,,,,,,,,,,,,,,
167504.0,,,,,,,,,,,,,,
167505.0,,,,,,,,,,,,,,
167506.0,,,,,,,,,,,,,,
167507.0,,,,,,,,,,,,,,
167508.0,,,,,,,,,,,,,,
167509.0,,,,,,,,,,,,,,
167510.0,,,,,,,,,,,,,,
167511.0,,,,,,,,,,,,,,
167512.0,,,,,,,,,,,,,,
167513.0,,,,,,,,,,,,,,
167514.0,,,,,,,,,,,,,,
167515.0,,,,,,,,,,,,,,
167516.0,,,,,,,,,,,,,,
167517.0,,,,,,,,,,,,,,
167518.0,,,,,,,,,,,,,,
167519.0,,,,,,,,,,,,,,
167520.0,,,,,,,,,,,,,,
167521.0,,,,,,,,,,,,,,
167522.0,,,,,,,,,,,,,,
167523.0,,,,,,,,,,,,,,
167524.0,,,,,,,,,,,,,,
167525.0,,,,,,,,,,,,,,
167526.0,,,,,,,,,,,,,,
167527.0,,,,,,,,,,,,,,
167528.0,,,,,,,,,,,,,,
167529.0,,,,,,,,,,,,,,
167530.0,,,,,,,,,,,,,,
167531.0,,,,,,,,,,,,,,
167532.0,,,,,,,,,,,,,,
167533.0,,,,,,,,,,,,,,
167534.0,,,,,,,,,,,,,,
167535.0,,,,,,,,,,,,,,
167536.0,,,,,,,,,,,,,,
167537.0,,,,,,,,,,,,,,
167538.0,,,,,,,,,,,,,,
167539.0,,,,,,,,,,,,,,
167540.0,,,,,,,,,,,,,,
167541.0,,,,,,,,,,,,,,
167542.0,,,,,,,,,,,,,,
167543.0,,,,,,,,,,,,,,
167544.0,,,,,,,,,,,,,,
167545.0,,,,,,,,,,,,,,
167546.0,,,,,,,,,,,,,,
167547.0,,,,,,,,,,,,,,
167548.0,,,,,,,,,,,,,,
167549.0,,,,,,,,,,,,,,
167550.0,,,,,,,,,,,,,,
167551.0,,,,,,,,,,,,,,
167552.0,,,,,,,,,,,,,,
167553.0,,,,,,,,,,,,,,
167554.0,,,,,,,,,,,,,,
167555.0,,,,,,,,,,,,,,
167556.0,,,,,,,,,,,,,,
167557.0,,,,,,,,,,,,,,
167558.0,,,,,,,,,,,,,,
167559.0,,,,,,,,,,,,,,
167560.0,,,,,,,,,,,,,,
167561.0,,,,,,,,,,,,,,
167562.0,,,,,,,,,,,,,,
167563.0,,,,,,,,,,,,,,
167564.0,,,,,,,,,,,,,,
167565.0,,,,,,,,,,,,,,
167566.0,,,,,,,,,,,,,,
167567.0,,,,,,,,,,,,,,
167568.0,,,,,,,,,,,,,,
167569.0,,,,,,,,,,,,,,
167570.0,,,,,,,,,,,,,,
167571.0,,,,,,,,,,,,,,
167572.0,,,,,,,,,,,,,,
167573.0,,,,,,,,,,,,,,
167574.0,,,,,,,,,,,,,,
167575.0,,,,,,,,,,,,,,
167576.0,,,,,,,,,,,,,,
167577.0,,,,,,,,,,,,,,
167578.0,,,,,,,,,,,,,,
167579.0,,,,,,,,,,,,,,
167580.0,,,,,,,,,,,,,,
167581.0,,,,,,,,,,,,,,
167582.0,,,,,,,,,,,,,,
167583.0,,,,,,,,,,,,,,
167584.0,,,,,,,,,,,,,,
167585.0,,,,,,,,,,,,,,
167586.0,,,,,,,,,,,,,,
167587.0,,,,,,,,,,,,,,
167588.0,,,,,,,,,,,,,,
167589.0,,,,,,,,,,,,,,
167590.0,,,,,,,,,,,,,,
167591.0,,,,,,,,,,,,,,
167592.0,,,,,,,,,,,,,,
167593.0,,,,,,,,,,,,,,
167594.0,,,,,,,,,,,,,,
167595.0,,,,,,,,,,,,,,
167596.0,,,,,,,,,,,,,,
167597.0,,,,,,,,,,,,,,
167598.0,,,,,,,,,,,,,,
167599.0,,,,,,,,,,,,,,
167600.0,,,,,,,,,,,,,,
167601.0,,,,,,,,,,,,,,
167602.0,,,,,,,,,,,,,,
167603.0,,,,,,,,,,,,,,
167604.0,,,,,,,,,,,,,,
167605.0,,,,,,,,,,,,,,
167606.0,,,,,,,,,,,,,,
167607.0,,,,,,,,,,,,,,
167608.0,,,,,,,,,,,,,,
167609.0,,,,,,,,,,,,,,
167610.0,,,,,,,,,,,,,,
167611.0,,,,,,,,,,,,,,
167612.0,,,,,,,,,,,,,,
167613.0,,,,,,,,,,,,,,
167614.0,,,,,,,,,,,,,,
167615.0,,,,,,,,,,,,,,
167616.0,,,,,,,,,,,,,,
167617.0,,,,,,,,,,,,,,
167618.0,,,,,,,,,,,,,,
167619.0,,,,,,,,,,,,,,
167620.0,,,,,,,,,,,,,,
167621.0,,,,,,,,,,,,,,
167622.0,,,,,,,,,,,,,,
167623.0,,,,,,,,,,,,,,
167624.0,,,,,,,,,,,,,,
167625.0,,,,,,,,,,,,,,
167626.0,,,,,,,,,,,,,,
167627.0,,,,,,,,,,,,,,
167628.0,,,,,,,,,,,,,,
167629.0,,,,,,,,,,,,,,
167630.0,,,,,,,,,,,,,,
167631.0,,,,,,,,,,,,,,
167632.0,,,,,,,,,,,,,,
167633.0,,,,,,,,,,,,,,
167634.0,,,,,,,,,,,,,,
167635.0,,,,,,,,,,,,,,
167636.0,,,,,,,,,,,,,,
167637.0,,,,,,,,,,,,,,
167638.0,,,,,,,,,,,,,,
167639.0,,,,,,,,,,,,,,
167640.0,,,,,,,,,,,,,,
167641.0,,,,,,,,,,,,,,
167642.0,,,,,,,,,,,,,,
167643.0,,,,,,,,,,,,,,
167644.0,,,,,,,,,,,,,,
167645.0,,,,,,,,,,,,,,
167646.0,,,,,,,,,,,,,,
167647.0,,,,,,,,,,,,,,
167648.0,,,,,,,,,,,,,,
167649.0,,,,,,,,,,,,,,
167650.0,,,,,,,,,,,,,,
167651.0,,,,,,,,,,,,,,
167652.0,,,,,,,,,,,,,,
167653.0,,,,,,,,,,,,,,
167654.0,,,,,,,,,,,,,,
167655.0,,,,,,,,,,,,,,
167656.0,,,,,,,,,,,,,,
167657.0,,,,,,,,,,,,,,
167658.0,,,,,,,,,,,,,,
167659.0,,,,,,,,,,,,,,
167660.0,,,,,,,,,,,,,,
167661.0,,,,,,,,,,,,,,
167662.0,,,,,,,,,,,,,,
167663.0,,,,,,,,,,,,,,
167664.0,,,,,,,,,,,,,,
167665.0,,,,,,,,,,,,,,
167666.0,,,,,,,,,,,,,,
167667.0,,,,,,,,,,,,,,
167668.0,,,,,,,,,,,,,,
167669.0,,,,,,,,,,,,,,
167670.0,,,,,,,,,,,,,,
167671.0,,,,,,,,,,,,,,
167672.0,,,,,,,,,,,,,,
167673.0,,,,,,,,,,,,,,
167674.0,,,,,,,,,,,,,,
167675.0,,,,,,,,,,,,,,
167676.0,,,,,,,,,,,,,,
167677.0,,,,,,,,,,,,,,
167678.0,,,,,,,,,,,,,,
167679.0,,,,,,,,,,,,,,
167680.0,,,,,,,,,,,,,,
167681.0,,,,,,,,,,,,,,
167682.0,,,,,,,,,,,,,,
167683.0,,,,,,,,,,,,,,
167684.0,,,,,,,,,,,,,,
167685.0,,,,,,,,,,,,,,
167686.0,,,,,,,,,,,,,,
167687.0,,,,,,,,,,,,,,
167688.0,,,,,,,,,,,,,,
167689.0,,,,,,,,,,,,,,
167690.0,,,,,,,,,,,,,,
167691.0,,,,,,,,,,,,,,
167692.0,,,,,,,,,,,,,,
167693.0,,,,,,,,,,,,,,
167694.0,,,,,,,,,,,,,,
167695.0,,,,,,,,,,,,,,
167696.0,,,,,,,,,,,,,,
167697.0,,,,,,,,,,,,,,
167698.0,,,,,,,,,,,,,,
167699.0,,,,,,,,,,,,,,
167700.0,,,,,,,,,,,,,,
167701.0,,,,,,,,,,,,,,
167702.0,,,,,,,,,,,,,,
167703.0,,,,,,,,,,,,,,
167704.0,,,,,,,,,,,,,,
167705.0,,,,,,,,,,,,,,
167706.0,,,,,,,,,,,,,,
167707.0,,,,,,,,,,,,,,
167708.0,,,,,,,,,,,,,,
167709.0,,,,,,,,,,,,,,
167710.0,,,,,,,,,,,,,,
167711.0,,,,,,,,,,,,,,
167712.0,,,,,,,,,,,,,,
167713.0,,,,,,,,,,,,,,
167714.0,,,,,,,,,,,,,,
167715.0,,,,,,,,,,,,,,
167716.0,,,,,,,,,,,,,,
167717.0,,,,,,,,,,,,,,
167718.0,,,,,,,,,,,,,,
167719.0,,,,,,,,,,,,,,
167720.0,,,,,,,,,,,,,,
167721.0,,,,,,,,,,,,,,
167722.0,,,,,,,,,,,,,,
167723.0,,,,,,,,,,,,,,
167724.0,,,,,,,,,,,,,,
167725.0,,,,,,,,,,,,,,
167726.0,,,,,,,,,,,,,,
167727.0,,,,,,,,,,,,,,
167728.0,,,,,,,,,,,,,,
167729.0,,,,,,,,,,,,,,
167730.0,,,,,,,,,,,,,,
167731.0,,,,,,,,,,,,,,
167732.0,,,,,,,,,,,,,,
167733.0,,,,,,,,,,,,,,
167734.0,,,,,,,,,,,,,,
167735.0,,,,,,,,,,,,,,
167736.0,,,,,,,,,,,,,,
167737.0,,,,,,,,,,,,,,
167738.0,,,,,,,,,,,,,,
167739.0,,,,,,,,,,,,,,
167740.0,,,,,,,,,,,,,,
167741.0,,,,,,,,,,,,,,
167742.0,,,,,,,,,,,,,,
167743.0,,,,,,,,,,,,,,
167744.0,,,,,,,,,,,,,,
167745.0,,,,,,,,,,,,,,
167746.0,,,,,,,,,,,,,,
167747.0,,,,,,,,,,,,,,
167748.0,,,,,,,,,,,,,,
167749.0,,,,,,,,,,,,,,
167750.0,,,,,,,,,,,,,,
167751.0,,,,,,,,,,,,,,
167752.0,,,,,,,,,,,,,,
167753.0,,,,,,,,,,,,,,
167754.0,,,,,,,,,,,,,,
167755.0,,,,,,,,,,,,,,
167756.0,,,,,,,,,,,,,,
167757.0,,,,,,,,,,,,,,
167758.0,,,,,,,,,,,,,,
167759.0,,,,,,,,,,,,,,
167760.0,,,,,,,,,,,,,,
167761.0,,,,,,,,,,,,,,
167762.0,,,,,,,,,,,,,,
167763.0,,,,,,,,,,,,,,
167764.0,,,,,,,,,,,,,,
167765.0,,,,,,,,,,,,,,
167766.0,,,,,,,,,,,,,,
167767.0,,,,,,,,,,,,,,
167768.0,,,,,,,,,,,,,,
167769.0,,,,,,,,,,,,,,
167770.0,,,,,,,,,,,,,,
167771.0,,,,,,,,,,,,,,
167772.0,,,,,,,,,,,,,,
167773.0,,,,,,,,,,,,,,
167774.0,,,,,,,,,,,,,,
167775.0,,,,,,,,,,,,,,
167776.0,,,,,,,,,,,,,,
167777.0,,,,,,,,,,,,,,
167778.0,,,,,,,,,,,,,,
167779.0,,,,,,,,,,,,,,
167780.0,,,,,,,,,,,,,,
167781.0,,,,,,,,,,,,,,
167782.0,,,,,,,,,,,,,,
167783.0,,,,,,,,,,,,,,
167784.0,,,,,,,,,,,,,,
167785.0,,,,,,,,,,,,,,
167786.0,,,,,,,,,,,,,,
167787.0,,,,,,,,,,,,,,
167788.0,,,,,,,,,,,,,,
167789.0,,,,,,,,,,,,,,
167790.0,,,,,,,,,,,,,,
167791.0,,,,,,,,,,,,,,
167792.0,,,,,,,,,,,,,,
167793.0,,,,,,,,,,,,,,
167794.0,,,,,,,,,,,,,,
167795.0,,,,,,,,,,,,,,
167796.0,,,,,,,,,,,,,,
167797.0,,,,,,,,,,,,,,
167798.0,,,,,,,,,,,,,,
167799.0,,,,,,,,,,,,,,
167800.0,,,,,,,,,,,,,,
167801.0,,,,,,,,,,,,,,
167802.0,,,,,,,,,,,,,,
167803.0,,,,,,,,,,,,,,
167804.0,,,,,,,,,,,,,,
167805.0,,,,,,,,,,,,,,
167806.0,,,,,,,,,,,,,,
167807.0,,,,,,,,,,,,,,
167808.0,,,,,,,,,,,,,,
167809.0,,,,,,,,,,,,,,
167810.0,,,,,,,,,,,,,,
167811.0,,,,,,,,,,,,,,
167812.0,,,,,,,,,,,,,,
167813.0,,,,,,,,,,,,,,
167814.0,,,,,,,,,,,,,,
167815.0,,,,,,,,,,,,,,
167816.0,,,,,,,,,,,,,,
167817.0,,,,,,,,,,,,,,
167818.0,,,,,,,,,,,,,,
167819.0,,,,,,,,,,,,,,
167820.0,,,,,,,,,,,,,,
167821.0,,,,,,,,,,,,,,
167822.0,,,,,,,,,,,,,,
167823.0,,,,,,,,,,,,,,
167824.0,,,,,,,,,,,,,,
167825.0,,,,,,,,,,,,,,
167826.0,,,,,,,,,,,,,,
167827.0,,,,,,,,,,,,,,
167828.0,,,,,,,,,,,,,,
167829.0,,,,,,,,,,,,,,
167830.0,,,,,,,,,,,,,,
167831.0,,,,,,,,,,,,,,
167832.0,,,,,,,,,,,,,,
167833.0,,,,,,,,,,,,,,
167834.0,,,,,,,,,,,,,,
167835.0,,,,,,,,,,,,,,
167836.0,,,,,,,,,,,,,,
167837.0,,,,,,,,,,,,,,
167838.0,,,,,,,,,,,,,,
167839.0,,,,,,,,,,,,,,
167840.0,,,,,,,,,,,,,,
167841.0,,,,,,,,,,,,,,
167842.0,,,,,,,,,,,,,,
167843.0,,,,,,,,,,,,,,
167844.0,,,,,,,,,,,,,,
167845.0,,,,,,,,,,,,,,
167846.0,,,,,,,,,,,,,,
167847.0,,,,,,,,,,,,,,
167848.0,,,,,,,,,,,,,,
167849.0,,,,,,,,,,,,,,
167850.0,,,,,,,,,,,,,,
167851.0,,,,,,,,,,,,,,
167852.0,,,,,,,,,,,,,,
167853.0,,,,,,,,,,,,,,
167854.0,,,,,,,,,,,,,,
167855.0,,,,,,,,,,,,,,
167856.0,,,,,,,,,,,,,,
167857.0,,,,,,,,,,,,,,
167858.0,,,,,,,,,,,,,,
167859.0,,,,,,,,,,,,,,
167860.0,,,,,,,,,,,,,,
167861.0,,,,,,,,,,,,,,
167862.0,,,,,,,,,,,,,,
167863.0,,,,,,,,,,,,,,
167864.0,,,,,,,,,,,,,,
167865.0,,,,,,,,,,,,,,
167866.0,,,,,,,,,,,,,,
167867.0,,,,,,,,,,,,,,
167868.0,,,,,,,,,,,,,,
167869.0,,,,,,,,,,,,,,
167870.0,,,,,,,,,,,,,,
167871.0,,,,,,,,,,,,,,
167872.0,,,,,,,,,,,,,,
167873.0,,,,,,,,,,,,,,
167874.0,,,,,,,,,,,,,,
167875.0,,,,,,,,,,,,,,
167876.0,,,,,,,,,,,,,,
167877.0,,,,,,,,,,,,,,
167878.0,,,,,,,,,,,,,,
167879.0,,,,,,,,,,,,,,
167880.0,,,,,,,,,,,,,,
167881.0,,,,,,,,,,,,,,
167882.0,,,,,,,,,,,,,,
167883.0,,,,,,,,,,,,,,
167884.0,,,,,,,,,,,,,,
167885.0,,,,,,,,,,,,,,
167886.0,,,,,,,,,,,,,,
167887.0,,,,,,,,,,,,,,
167888.0,,,,,,,,,,,,,,
167889.0,,,,,,,,,,,,,,
167890.0,,,,,,,,,,,,,,
167891.0,,,,,,,,,,,,,,
167892.0,,,,,,,,,,,,,,
167893.0,,,,,,,,,,,,,,
167894.0,,,,,,,,,,,,,,
167895.0,,,,,,,,,,,,,,
167896.0,,,,,,,,,,,,,,
167897.0,,,,,,,,,,,,,,
167898.0,,,,,,,,,,,,,,
167899.0,,,,,,,,,,,,,,
167900.0,,,,,,,,,,,,,,
167901.0,,,,,,,,,,,,,,
167902.0,,,,,,,,,,,,,,
167903.0,,,,,,,,,,,,,,
167904.0,,,,,,,,,,,,,,
167905.0,,,,,,,,,,,,,,
167906.0,,,,,,,,,,,,,,
167907.0,,,,,,,,,,,,,,
167908.0,,,,,,,,,,,,,,
167909.0,,,,,,,,,,,,,,
167910.0,,,,,,,,,,,,,,
167911.0,,,,,,,,,,,,,,
167912.0,,,,,,,,,,,,,,
167913.0,,,,,,,,,,,,,,
167914.0,,,,,,,,,,,,,,
167915.0,,,,,,,,,,,,,,
167916.0,,,,,,,,,,,,,,
167917.0,,,,,,,,,,,,,,
167918.0,,,,,,,,,,,,,,
167919.0,,,,,,,,,,,,,,
167920.0,,,,,,,,,,,,,,
167921.0,,,,,,,,,,,,,,
167922.0,,,,,,,,,,,,,,
167923.0,,,,,,,,,,,,,,
167924.0,,,,,,,,,,,,,,
167925.0,,,,,,,,,,,,,,
167926.0,,,,,,,,,,,,,,
167927.0,,,,,,,,,,,,,,
167928.0,,,,,,,,,,,,,,
167929.0,,,,,,,,,,,,,,
167930.0,,,,,,,,,,,,,,
167931.0,,,,,,,,,,,,,,
167932.0,,,,,,,,,,,,,,
167933.0,,,,,,,,,,,,,,
167934.0,,,,,,,,,,,,,,
167935.0,,,,,,,,,,,,,,
167936.0,,,,,,,,,,,,,,
167937.0,,,,,,,,,,,,,,
167938.0,,,,,,,,,,,,,,
167939.0,,,,,,,,,,,,,,
167940.0,,,,,,,,,,,,,,
167941.0,,,,,,,,,,,,,,
167942.0,,,,,,,,,,,,,,
167943.0,,,,,,,,,,,,,,
167944.0,,,,,,,,,,,,,,
167945.0,,,,,,,,,,,,,,
167946.0,,,,,,,,,,,,,,
167947.0,,,,,,,,,,,,,,
167948.0,,,,,,,,,,,,,,
167949.0,,,,,,,,,,,,,,
167950.0,,,,,,,,,,,,,,
167951.0,,,,,,,,,,,,,,
167952.0,,,,,,,,,,,,,,
167953.0,,,,,,,,,,,,,,
167954.0,,,,,,,,,,,,,,
167955.0,,,,,,,,,,,,,,
167956.0,,,,,,,,,,,,,,
167957.0,,,,,,,,,,,,,,
167958.0,,,,,,,,,,,,,,
167959.0,,,,,,,,,,,,,,
167960.0,,,,,,,,,,,,,,
167961.0,,,,,,,,,,,,,,
167962.0,,,,,,,,,,,,,,
167963.0,,,,,,,,,,,,,,
167964.0,,,,,,,,,,,,,,
167965.0,,,,,,,,,,,,,,
167966.0,,,,,,,,,,,,,,
167967.0,,,,,,,,,,,,,,
167968.0,,,,,,,,,,,,,,
167969.0,,,,,,,,,,,,,,
167970.0,,,,,,,,,,,,,,
167971.0,,,,,,,,,,,,,,
167972.0,,,,,,,,,,,,,,
167973.0,,,,,,,,,,,,,,
167974.0,,,,,,,,,,,,,,
167975.0,,,,,,,,,,,,,,
167976.0,,,,,,,,,,,,,,
167977.0,,,,,,,,,,,,,,
167978.0,,,,,,,,,,,,,,
167979.0,,,,,,,,,,,,,,
167980.0,,,,,,,,,,,,,,
167981.0,,,,,,,,,,,,,,
167982.0,,,,,,,,,,,,,,
167983.0,,,,,,,,,,,,,,
167984.0,,,,,,,,,,,,,,
167985.0,,,,,,,,,,,,,,
167986.0,,,,,,,,,,,,,,
167987.0,,,,,,,,,,,,,,
167988.0,,,,,,,,,,,,,,
167989.0,,,,,,,,,,,,,,
167990.0,,,,,,,,,,,,,,
167991.0,,,,,,,,,,,,,,
167992.0,,,,,,,,,,,,,,
167993.0,,,,,,,,,,,,,,
167994.0,,,,,,,,,,,,,,
167995.0,,,,,,,,,,,,,,
167996.0,,,,,,,,,,,,,,
167997.0,,,,,,,,,,,,,,
167998.0,,,,,,,,,,,,,,
167999.0,,,,,,,,,,,,,,
168000.0,,,,,,,,,,,,,,
168001.0,,,,,,,,,,,,,,
168002.0,,,,,,,,,,,,,,
168003.0,,,,,,,,,,,,,,
168004.0,,,,,,,,,,,,,,
168005.0,,,,,,,,,,,,,,
168006.0,,,,,,,,,,,,,,
168007.0,,,,,,,,,,,,,,
168008.0,,,,,,,,,,,,,,
168009.0,,,,,,,,,,,,,,
168010.0,,,,,,,,,,,,,,
168011.0,,,,,,,,,,,,,,
168012.0,,,,,,,,,,,,,,
168013.0,,,,,,,,,,,,,,
168014.0,,,,,,,,,,,,,,
168015.0,,,,,,,,,,,,,,
168016.0,,,,,,,,,,,,,,
168017.0,,,,,,,,,,,,,,
168018.0,,,,,,,,,,,,,,
168019.0,,,,,,,,,,,,,,
168020.0,,,,,,,,,,,,,,
168021.0,,,,,,,,,,,,,,
168022.0,,,,,,,,,,,,,,
168023.0,,,,,,,,,,,,,,
168024.0,,,,,,,,,,,,,,
168025.0,,,,,,,,,,,,,,
168026.0,,,,,,,,,,,,,,
168027.0,,,,,,,,,,,,,,
168028.0,,,,,,,,,,,,,,
168029.0,,,,,,,,,,,,,,
168030.0,,,,,,,,,,,,,,
168031.0,,,,,,,,,,,,,,
168032.0,,,,,,,,,,,,,,
168033.0,,,,,,,,,,,,,,
168034.0,,,,,,,,,,,,,,
168035.0,,,,,,,,,,,,,,
168036.0,,,,,,,,,,,,,,
168037.0,,,,,,,,,,,,,,
168038.0,,,,,,,,,,,,,,
168039.0,,,,,,,,,,,,,,
168040.0,,,,,,,,,,,,,,
168041.0,,,,,,,,,,,,,,
168042.0,,,,,,,,,,,,,,
168043.0,,,,,,,,,,,,,,
168044.0,,,,,,,,,,,,,,
168045.0,,,,,,,,,,,,,,
168046.0,,,,,,,,,,,,,,
168047.0,,,,,,,,,,,,,,
168048.0,,,,,,,,,,,,,,
168049.0,,,,,,,,,,,,,,
168050.0,,,,,,,,,,,,,,
168051.0,,,,,,,,,,,,,,
168052.0,,,,,,,,,,,,,,
168053.0,,,,,,,,,,,,,,
168054.0,,,,,,,,,,,,,,
168055.0,,,,,,,,,,,,,,
168056.0,,,,,,,,,,,,,,
168057.0,,,,,,,,,,,,,,
168058.0,,,,,,,,,,,,,,
168059.0,,,,,,,,,,,,,,
168060.0,,,,,,,,,,,,,,
168061.0,,,,,,,,,,,,,,
168062.0,,,,,,,,,,,,,,
168063.0,,,,,,,,,,,,,,
168064.0,,,,,,,,,,,,,,
168065.0,,,,,,,,,,,,,,
168066.0,,,,,,,,,,,,,,
168067.0,,,,,,,,,,,,,,
168068.0,,,,,,,,,,,,,,
168069.0,,,,,,,,,,,,,,
168070.0,,,,,,,,,,,,,,
168071.0,,,,,,,,,,,,,,
168072.0,,,,,,,,,,,,,,
168073.0,,,,,,,,,,,,,,
168074.0,,,,,,,,,,,,,,
168075.0,,,,,,,,,,,,,,
168076.0,,,,,,,,,,,,,,
168077.0,,,,,,,,,,,,,,
168078.0,,,,,,,,,,,,,,
168079.0,,,,,,,,,,,,,,
168080.0,,,,,,,,,,,,,,
168081.0,,,,,,,,,,,,,,
168082.0,,,,,,,,,,,,,,
168083.0,,,,,,,,,,,,,,
168084.0,,,,,,,,,,,,,,
168085.0,,,,,,,,,,,,,,
168086.0,,,,,,,,,,,,,,
168087.0,,,,,,,,,,,,,,
168088.0,,,,,,,,,,,,,,
168089.0,,,,,,,,,,,,,,
168090.0,,,,,,,,,,,,,,
168091.0,,,,,,,,,,,,,,
168092.0,,,,,,,,,,,,,,
168093.0,,,,,,,,,,,,,,
168094.0,,,,,,,,,,,,,,
168095.0,,,,,,,,,,,,,,
168096.0,,,,,,,,,,,,,,
168097.0,,,,,,,,,,,,,,
168098.0,,,,,,,,,,,,,,
168099.0,,,,,,,,,,,,,,
168100.0,,,,,,,,,,,,,,
168101.0,,,,,,,,,,,,,,
168102.0,,,,,,,,,,,,,,
168103.0,,,,,,,,,,,,,,
168104.0,,,,,,,,,,,,,,
168105.0,,,,,,,,,,,,,,
168106.0,,,,,,,,,,,,,,
168107.0,,,,,,,,,,,,,,
168108.0,,,,,,,,,,,,,,
168109.0,,,,,,,,,,,,,,
168110.0,,,,,,,,,,,,,,
168111.0,,,,,,,,,,,,,,
168112.0,,,,,,,,,,,,,,
168113.0,,,,,,,,,,,,,,
168114.0,,,,,,,,,,,,,,
168115.0,,,,,,,,,,,,,,
168116.0,,,,,,,,,,,,,,
168117.0,,,,,,,,,,,,,,
168118.0,,,,,,,,,,,,,,
168119.0,,,,,,,,,,,,,,
168120.0,,,,,,,,,,,,,,
168121.0,,,,,,,,,,,,,,
168122.0,,,,,,,,,,,,,,
168123.0,,,,,,,,,,,,,,
168124.0,,,,,,,,,,,,,,
168125.0,,,,,,,,,,,,,,
168126.0,,,,,,,,,,,,,,
168127.0,,,,,,,,,,,,,,
168128.0,,,,,,,,,,,,,,
168129.0,,,,,,,,,,,,,,
168130.0,,,,,,,,,,,,,,
168131.0,,,,,,,,,,,,,,
168132.0,,,,,,,,,,,,,,
168133.0,,,,,,,,,,,,,,
168134.0,,,,,,,,,,,,,,
168135.0,,,,,,,,,,,,,,
168136.0,,,,,,,,,,,,,,
168137.0,,,,,,,,,,,,,,
168138.0,,,,,,,,,,,,,,
168139.0,,,,,,,,,,,,,,
168140.0,,,,,,,,,,,,,,
168141.0,,,,,,,,,,,,,,
168142.0,,,,,,,,,,,,,,
168143.0,,,,,,,,,,,,,,
168144.0,,,,,,,,,,,,,,
168145.0,,,,,,,,,,,,,,
168146.0,,,,,,,,,,,,,,
168147.0,,,,,,,,,,,,,,
168148.0,,,,,,,,,,,,,,
168149.0,,,,,,,,,,,,,,
168150.0,,,,,,,,,,,,,,
168151.0,,,,,,,,,,,,,,
168152.0,,,,,,,,,,,,,,
168153.0,,,,,,,,,,,,,,
168154.0,,,,,,,,,,,,,,
168155.0,,,,,,,,,,,,,,
168156.0,,,,,,,,,,,,,,
168157.0,,,,,,,,,,,,,,
168158.0,,,,,,,,,,,,,,
168159.0,,,,,,,,,,,,,,
168160.0,,,,,,,,,,,,,,
168161.0,,,,,,,,,,,,,,
168162.0,,,,,,,,,,,,,,
168163.0,,,,,,,,,,,,,,
168164.0,,,,,,,,,,,,,,
168165.0,,,,,,,,,,,,,,
168166.0,,,,,,,,,,,,,,
168167.0,,,,,,,,,,,,,,
168168.0,,,,,,,,,,,,,,
168169.0,,,,,,,,,,,,,,
168170.0,,,,,,,,,,,,,,
168171.0,,,,,,,,,,,,,,
168172.0,,,,,,,,,,,,,,
168173.0,,,,,,,,,,,,,,
168174.0,,,,,,,,,,,,,,
168175.0,,,,,,,,,,,,,,
168176.0,,,,,,,,,,,,,,
168177.0,,,,,,,,,,,,,,
168178.0,,,,,,,,,,,,,,
168179.0,,,,,,,,,,,,,,
168180.0,,,,,,,,,,,,,,
168181.0,,,,,,,,,,,,,,
168182.0,,,,,,,,,,,,,,
168183.0,,,,,,,,,,,,,,
168184.0,,,,,,,,,,,,,,
168185.0,,,,,,,,,,,,,,
168186.0,,,,,,,,,,,,,,
168187.0,,,,,,,,,,,,,,
168188.0,,,,,,,,,,,,,,
168189.0,,,,,,,,,,,,,,
168190.0,,,,,,,,,,,,,,
168191.0,,,,,,,,,,,,,,
168192.0,,,,,,,,,,,,,,
168193.0,,,,,,,,,,,,,,
168194.0,,,,,,,,,,,,,,
168195.0,,,,,,,,,,,,,,
168196.0,,,,,,,,,,,,,,
168197.0,,,,,,,,,,,,,,
168198.0,,,,,,,,,,,,,,
168199.0,,,,,,,,,,,,,,
168200.0,,,,,,,,,,,,,,
168201.0,,,,,,,,,,,,,,
168202.0,,,,,,,,,,,,,,
168203.0,,,,,,,,,,,,,,
168204.0,,,,,,,,,,,,,,
168205.0,,,,,,,,,,,,,,
168206.0,,,,,,,,,,,,,,
168207.0,,,,,,,,,,,,,,
168208.0,,,,,,,,,,,,,,
168209.0,,,,,,,,,,,,,,
168210.0,,,,,,,,,,,,,,
168211.0,,,,,,,,,,,,,,
168212.0,,,,,,,,,,,,,,
168213.0,,,,,,,,,,,,,,
168214.0,,,,,,,,,,,,,,
168215.0,,,,,,,,,,,,,,
168216.0,,,,,,,,,,,,,,
168217.0,,,,,,,,,,,,,,
168218.0,,,,,,,,,,,,,,
168219.0,,,,,,,,,,,,,,
168220.0,,,,,,,,,,,,,,
168221.0,,,,,,,,,,,,,,
168222.0,,,,,,,,,,,,,,
168223.0,,,,,,,,,,,,,,
168224.0,,,,,,,,,,,,,,
168225.0,,,,,,,,,,,,,,
168226.0,,,,,,,,,,,,,,
168227.0,,,,,,,,,,,,,,
168228.0,,,,,,,,,,,,,,
168229.0,,,,,,,,,,,,,,
168230.0,,,,,,,,,,,,,,
168231.0,,,,,,,,,,,,,,
168232.0,,,,,,,,,,,,,,
168233.0,,,,,,,,,,,,,,
168234.0,,,,,,,,,,,,,,
168235.0,,,,,,,,,,,,,,
168236.0,,,,,,,,,,,,,,
168237.0,,,,,,,,,,,,,,
168238.0,,,,,,,,,,,,,,
168239.0,,,,,,,,,,,,,,
168240.0,,,,,,,,,,,,,,
168241.0,,,,,,,,,,,,,,
168242.0,,,,,,,,,,,,,,
168243.0,,,,,,,,,,,,,,
168244.0,,,,,,,,,,,,,,
168245.0,,,,,,,,,,,,,,
168246.0,,,,,,,,,,,,,,
168247.0,,,,,,,,,,,,,,
168248.0,,,,,,,,,,,,,,
168249.0,,,,,,,,,,,,,,
168250.0,,,,,,,,,,,,,,
168251.0,,,,,,,,,,,,,,
168252.0,,,,,,,,,,,,,,
168253.0,,,,,,,,,,,,,,
168254.0,,,,,,,,,,,,,,
168255.0,,,,,,,,,,,,,,
168256.0,,,,,,,,,,,,,,
168257.0,,,,,,,,,,,,,,
168258.0,,,,,,,,,,,,,,
168259.0,,,,,,,,,,,,,,
168260.0,,,,,,,,,,,,,,
168261.0,,,,,,,,,,,,,,
168262.0,,,,,,,,,,,,,,
168263.0,,,,,,,,,,,,,,
168264.0,,,,,,,,,,,,,,
168265.0,,,,,,,,,,,,,,
168266.0,,,,,,,,,,,,,,
168267.0,,,,,,,,,,,,,,
168268.0,,,,,,,,,,,,,,
168269.0,,,,,,,,,,,,,,
168270.0,,,,,,,,,,,,,,
168271.0,,,,,,,,,,,,,,
168272.0,,,,,,,,,,,,,,
168273.0,,,,,,,,,,,,,,
168274.0,,,,,,,,,,,,,,
168275.0,,,,,,,,,,,,,,
168276.0,,,,,,,,,,,,,,
168277.0,,,,,,,,,,,,,,
168278.0,,,,,,,,,,,,,,
168279.0,,,,,,,,,,,,,,
168280.0,,,,,,,,,,,,,,
168281.0,,,,,,,,,,,,,,
168282.0,,,,,,,,,,,,,,
168283.0,,,,,,,,,,,,,,
168284.0,,,,,,,,,,,,,,
168285.0,,,,,,,,,,,,,,
168286.0,,,,,,,,,,,,,,
168287.0,,,,,,,,,,,,,,
168288.0,,,,,,,,,,,,,,
168289.0,,,,,,,,,,,,,,
168290.0,,,,,,,,,,,,,,
168291.0,,,,,,,,,,,,,,
168292.0,,,,,,,,,,,,,,
168293.0,,,,,,,,,,,,,,
168294.0,,,,,,,,,,,,,,
168295.0,,,,,,,,,,,,,,
168296.0,,,,,,,,,,,,,,
168297.0,,,,,,,,,,,,,,
168298.0,,,,,,,,,,,,,,
168299.0,,,,,,,,,,,,,,
168300.0,,,,,,,,,,,,,,
168301.0,,,,,,,,,,,,,,
168302.0,,,,,,,,,,,,,,
168303.0,,,,,,,,,,,,,,
168304.0,,,,,,,,,,,,,,
168305.0,,,,,,,,,,,,,,
168306.0,,,,,,,,,,,,,,
168307.0,,,,,,,,,,,,,,
168308.0,,,,,,,,,,,,,,
168309.0,,,,,,,,,,,,,,
168310.0,,,,,,,,,,,,,,
168311.0,,,,,,,,,,,,,,
168312.0,,,,,,,,,,,,,,
168313.0,,,,,,,,,,,,,,
168314.0,,,,,,,,,,,,,,
168315.0,,,,,,,,,,,,,,
168316.0,,,,,,,,,,,,,,
168317.0,,,,,,,,,,,,,,
168318.0,,,,,,,,,,,,,,
168319.0,,,,,,,,,,,,,,
168320.0,,,,,,,,,,,,,,
168321.0,,,,,,,,,,,,,,
168322.0,,,,,,,,,,,,,,
168323.0,,,,,,,,,,,,,,
168324.0,,,,,,,,,,,,,,
168325.0,,,,,,,,,,,,,,
168326.0,,,,,,,,,,,,,,
168327.0,,,,,,,,,,,,,,
168328.0,,,,,,,,,,,,,,
168329.0,,,,,,,,,,,,,,
168330.0,,,,,,,,,,,,,,
168331.0,,,,,,,,,,,,,,
168332.0,,,,,,,,,,,,,,
168333.0,,,,,,,,,,,,,,
168334.0,,,,,,,,,,,,,,
168335.0,,,,,,,,,,,,,,
168336.0,,,,,,,,,,,,,,
168337.0,,,,,,,,,,,,,,
168338.0,,,,,,,,,,,,,,
168339.0,,,,,,,,,,,,,,
168340.0,,,,,,,,,,,,,,
168341.0,,,,,,,,,,,,,,
168342.0,,,,,,,,,,,,,,
168343.0,,,,,,,,,,,,,,
168344.0,,,,,,,,,,,,,,
168345.0,,,,,,,,,,,,,,
168346.0,,,,,,,,,,,,,,
168347.0,,,,,,,,,,,,,,
168348.0,,,,,,,,,,,,,,
168349.0,,,,,,,,,,,,,,
168350.0,,,,,,,,,,,,,,
168351.0,,,,,,,,,,,,,,
168352.0,,,,,,,,,,,,,,
168353.0,,,,,,,,,,,,,,
168354.0,,,,,,,,,,,,,,
168355.0,,,,,,,,,,,,,,
168356.0,,,,,,,,,,,,,,
168357.0,,,,,,,,,,,,,,
168358.0,,,,,,,,,,,,,,
168359.0,,,,,,,,,,,,,,
168360.0,,,,,,,,,,,,,,
168361.0,,,,,,,,,,,,,,
168362.0,,,,,,,,,,,,,,
168363.0,,,,,,,,,,,,,,
168364.0,,,,,,,,,,,,,,
168365.0,,,,,,,,,,,,,,
168366.0,,,,,,,,,,,,,,
168367.0,,,,,,,,,,,,,,
168368.0,,,,,,,,,,,,,,
168369.0,,,,,,,,,,,,,,
168370.0,,,,,,,,,,,,,,
168371.0,,,,,,,,,,,,,,
168372.0,,,,,,,,,,,,,,
168373.0,,,,,,,,,,,,,,
168374.0,,,,,,,,,,,,,,
168375.0,,,,,,,,,,,,,,
168376.0,,,,,,,,,,,,,,
168377.0,,,,,,,,,,,,,,
168378.0,,,,,,,,,,,,,,
168379.0,,,,,,,,,,,,,,
168380.0,,,,,,,,,,,,,,
168381.0,,,,,,,,,,,,,,
168382.0,,,,,,,,,,,,,,
168383.0,,,,,,,,,,,,,,
168384.0,,,,,,,,,,,,,,
168385.0,,,,,,,,,,,,,,
168386.0,,,,,,,,,,,,,,
168387.0,,,,,,,,,,,,,,
168388.0,,,,,,,,,,,,,,
168389.0,,,,,,,,,,,,,,
168390.0,,,,,,,,,,,,,,
168391.0,,,,,,,,,,,,,,
168392.0,,,,,,,,,,,,,,
168393.0,,,,,,,,,,,,,,
168394.0,,,,,,,,,,,,,,
168395.0,,,,,,,,,,,,,,
168396.0,,,,,,,,,,,,,,
168397.0,,,,,,,,,,,,,,
168398.0,,,,,,,,,,,,,,
168399.0,,,,,,,,,,,,,,
168400.0,,,,,,,,,,,,,,
168401.0,,,,,,,,,,,,,,
168402.0,,,,,,,,,,,,,,
168403.0,,,,,,,,,,,,,,
168404.0,,,,,,,,,,,,,,
168405.0,,,,,,,,,,,,,,
168406.0,,,,,,,,,,,,,,
168407.0,,,,,,,,,,,,,,
168408.0,,,,,,,,,,,,,,
168409.0,,,,,,,,,,,,,,
168410.0,,,,,,,,,,,,,,
168411.0,,,,,,,,,,,,,,
168412.0,,,,,,,,,,,,,,
168413.0,,,,,,,,,,,,,,
168414.0,,,,,,,,,,,,,,
168415.0,,,,,,,,,,,,,,
168416.0,,,,,,,,,,,,,,
168417.0,,,,,,,,,,,,,,
168418.0,,,,,,,,,,,,,,
168419.0,,,,,,,,,,,,,,
168420.0,,,,,,,,,,,,,,
168421.0,,,,,,,,,,,,,,
168422.0,,,,,,,,,,,,,,
168423.0,,,,,,,,,,,,,,
168424.0,,,,,,,,,,,,,,
168425.0,,,,,,,,,,,,,,
168426.0,,,,,,,,,,,,,,
168427.0,,,,,,,,,,,,,,
168428.0,,,,,,,,,,,,,,
168429.0,,,,,,,,,,,,,,
168430.0,,,,,,,,,,,,,,
168431.0,,,,,,,,,,,,,,
168432.0,,,,,,,,,,,,,,
168433.0,,,,,,,,,,,,,,
168434.0,,,,,,,,,,,,,,
168435.0,,,,,,,,,,,,,,
168436.0,,,,,,,,,,,,,,
168437.0,,,,,,,,,,,,,,
168438.0,,,,,,,,,,,,,,
168439.0,,,,,,,,,,,,,,
168440.0,,,,,,,,,,,,,,
168441.0,,,,,,,,,,,,,,
168442.0,,,,,,,,,,,,,,
168443.0,,,,,,,,,,,,,,
168444.0,,,,,,,,,,,,,,
168445.0,,,,,,,,,,,,,,
168446.0,,,,,,,,,,,,,,
168447.0,,,,,,,,,,,,,,
168448.0,,,,,,,,,,,,,,
168449.0,,,,,,,,,,,,,,
168450.0,,,,,,,,,,,,,,
168451.0,,,,,,,,,,,,,,
168452.0,,,,,,,,,,,,,,
168453.0,,,,,,,,,,,,,,
168454.0,,,,,,,,,,,,,,
168455.0,,,,,,,,,,,,,,
168456.0,,,,,,,,,,,,,,
168457.0,,,,,,,,,,,,,,
168458.0,,,,,,,,,,,,,,
168459.0,,,,,,,,,,,,,,
168460.0,,,,,,,,,,,,,,
168461.0,,,,,,,,,,,,,,
168462.0,,,,,,,,,,,,,,
168463.0,,,,,,,,,,,,,,
168464.0,,,,,,,,,,,,,,
168465.0,,,,,,,,,,,,,,
168466.0,,,,,,,,,,,,,,
168467.0,,,,,,,,,,,,,,
168468.0,,,,,,,,,,,,,,
168469.0,,,,,,,,,,,,,,
168470.0,,,,,,,,,,,,,,
168471.0,,,,,,,,,,,,,,
168472.0,,,,,,,,,,,,,,
168473.0,,,,,,,,,,,,,,
168474.0,,,,,,,,,,,,,,
168475.0,,,,,,,,,,,,,,
168476.0,,,,,,,,,,,,,,
168477.0,,,,,,,,,,,,,,
168478.0,,,,,,,,,,,,,,
168479.0,,,,,,,,,,,,,,
168480.0,,,,,,,,,,,,,,
168481.0,,,,,,,,,,,,,,
168482.0,,,,,,,,,,,,,,
168483.0,,,,,,,,,,,,,,
168484.0,,,,,,,,,,,,,,
168485.0,,,,,,,,,,,,,,
168486.0,,,,,,,,,,,,,,
168487.0,,,,,,,,,,,,,,
168488.0,,,,,,,,,,,,,,
168489.0,,,,,,,,,,,,,,
168490.0,,,,,,,,,,,,,,
168491.0,,,,,,,,,,,,,,
168492.0,,,,,,,,,,,,,,
168493.0,,,,,,,,,,,,,,
168494.0,,,,,,,,,,,,,,
168495.0,,,,,,,,,,,,,,
168496.0,,,,,,,,,,,,,,
168497.0,,,,,,,,,,,,,,
168498.0,,,,,,,,,,,,,,
168499.0,,,,,,,,,,,,,,
168500.0,,,,,,,,,,,,,,
168501.0,,,,,,,,,,,,,,
168502.0,,,,,,,,,,,,,,
168503.0,,,,,,,,,,,,,,
168504.0,,,,,,,,,,,,,,
168505.0,,,,,,,,,,,,,,
168506.0,,,,,,,,,,,,,,
168507.0,,,,,,,,,,,,,,
168508.0,,,,,,,,,,,,,,
168509.0,,,,,,,,,,,,,,
168510.0,,,,,,,,,,,,,,
168511.0,,,,,,,,,,,,,,
168512.0,,,,,,,,,,,,,,
168513.0,,,,,,,,,,,,,,
168514.0,,,,,,,,,,,,,,
168515.0,,,,,,,,,,,,,,
168516.0,,,,,,,,,,,,,,
168517.0,,,,,,,,,,,,,,
168518.0,,,,,,,,,,,,,,
168519.0,,,,,,,,,,,,,,
168520.0,,,,,,,,,,,,,,
168521.0,,,,,,,,,,,,,,
168522.0,,,,,,,,,,,,,,
168523.0,,,,,,,,,,,,,,
168524.0,,,,,,,,,,,,,,
168525.0,,,,,,,,,,,,,,
168526.0,,,,,,,,,,,,,,
168527.0,,,,,,,,,,,,,,
168528.0,,,,,,,,,,,,,,
168529.0,,,,,,,,,,,,,,
168530.0,,,,,,,,,,,,,,
168531.0,,,,,,,,,,,,,,
168532.0,,,,,,,,,,,,,,
168533.0,,,,,,,,,,,,,,
168534.0,,,,,,,,,,,,,,
168535.0,,,,,,,,,,,,,,
168536.0,,,,,,,,,,,,,,
168537.0,,,,,,,,,,,,,,
168538.0,,,,,,,,,,,,,,
168539.0,,,,,,,,,,,,,,
168540.0,,,,,,,,,,,,,,
168541.0,,,,,,,,,,,,,,
168542.0,,,,,,,,,,,,,,
168543.0,,,,,,,,,,,,,,
168544.0,,,,,,,,,,,,,,
168545.0,,,,,,,,,,,,,,
168546.0,,,,,,,,,,,,,,
168547.0,,,,,,,,,,,,,,
168548.0,,,,,,,,,,,,,,
168549.0,,,,,,,,,,,,,,
168550.0,,,,,,,,,,,,,,
168551.0,,,,,,,,,,,,,,
168552.0,,,,,,,,,,,,,,
168553.0,,,,,,,,,,,,,,
168554.0,,,,,,,,,,,,,,
168555.0,,,,,,,,,,,,,,
168556.0,,,,,,,,,,,,,,
168557.0,,,,,,,,,,,,,,
168558.0,,,,,,,,,,,,,,
168559.0,,,,,,,,,,,,,,
168560.0,,,,,,,,,,,,,,
168561.0,,,,,,,,,,,,,,
168562.0,,,,,,,,,,,,,,
168563.0,,,,,,,,,,,,,,
168564.0,,,,,,,,,,,,,,
168565.0,,,,,,,,,,,,,,
168566.0,,,,,,,,,,,,,,
168567.0,,,,,,,,,,,,,,
168568.0,,,,,,,,,,,,,,
168569.0,,,,,,,,,,,,,,
168570.0,,,,,,,,,,,,,,
168571.0,,,,,,,,,,,,,,
168572.0,,,,,,,,,,,,,,
168573.0,,,,,,,,,,,,,,
168574.0,,,,,,,,,,,,,,
168575.0,,,,,,,,,,,,,,
168576.0,,,,,,,,,,,,,,
168577.0,,,,,,,,,,,,,,
168578.0,,,,,,,,,,,,,,
168579.0,,,,,,,,,,,,,,
168580.0,,,,,,,,,,,,,,
168581.0,,,,,,,,,,,,,,
168582.0,,,,,,,,,,,,,,
168583.0,,,,,,,,,,,,,,
168584.0,,,,,,,,,,,,,,
168585.0,,,,,,,,,,,,,,
168586.0,,,,,,,,,,,,,,
168587.0,,,,,,,,,,,,,,
168588.0,,,,,,,,,,,,,,
168589.0,,,,,,,,,,,,,,
168590.0,,,,,,,,,,,,,,
168591.0,,,,,,,,,,,,,,
168592.0,,,,,,,,,,,,,,
168593.0,,,,,,,,,,,,,,
168594.0,,,,,,,,,,,,,,
168595.0,,,,,,,,,,,,,,
168596.0,,,,,,,,,,,,,,
168597.0,,,,,,,,,,,,,,
168598.0,,,,,,,,,,,,,,
168599.0,,,,,,,,,,,,,,
168600.0,,,,,,,,,,,,,,
168601.0,,,,,,,,,,,,,,
168602.0,,,,,,,,,,,,,,
168603.0,,,,,,,,,,,,,,
168604.0,,,,,,,,,,,,,,
168605.0,,,,,,,,,,,,,,
168606.0,,,,,,,,,,,,,,
168607.0,,,,,,,,,,,,,,
168608.0,,,,,,,,,,,,,,
168609.0,,,,,,,,,,,,,,
168610.0,,,,,,,,,,,,,,
168611.0,,,,,,,,,,,,,,
168612.0,,,,,,,,,,,,,,
168613.0,,,,,,,,,,,,,,
168614.0,,,,,,,,,,,,,,
168615.0,,,,,,,,,,,,,,
168616.0,,,,,,,,,,,,,,
168617.0,,,,,,,,,,,,,,
168618.0,,,,,,,,,,,,,,
168619.0,,,,,,,,,,,,,,
168620.0,,,,,,,,,,,,,,
168621.0,,,,,,,,,,,,,,
168622.0,,,,,,,,,,,,,,
168623.0,,,,,,,,,,,,,,
168624.0,,,,,,,,,,,,,,
168625.0,,,,,,,,,,,,,,
168626.0,,,,,,,,,,,,,,
168627.0,,,,,,,,,,,,,,
168628.0,,,,,,,,,,,,,,
168629.0,,,,,,,,,,,,,,
168630.0,,,,,,,,,,,,,,
168631.0,,,,,,,,,,,,,,
168632.0,,,,,,,,,,,,,,
168633.0,,,,,,,,,,,,,,
168634.0,,,,,,,,,,,,,,
168635.0,,,,,,,,,,,,,,
168636.0,,,,,,,,,,,,,,
168637.0,,,,,,,,,,,,,,
168638.0,,,,,,,,,,,,,,
168639.0,,,,,,,,,,,,,,
168640.0,,,,,,,,,,,,,,
168641.0,,,,,,,,,,,,,,
168642.0,,,,,,,,,,,,,,
168643.0,,,,,,,,,,,,,,
168644.0,,,,,,,,,,,,,,
168645.0,,,,,,,,,,,,,,
168646.0,,,,,,,,,,,,,,
168647.0,,,,,,,,,,,,,,
168648.0,,,,,,,,,,,,,,
168649.0,,,,,,,,,,,,,,
168650.0,,,,,,,,,,,,,,
168651.0,,,,,,,,,,,,,,
168652.0,,,,,,,,,,,,,,
168653.0,,,,,,,,,,,,,,
168654.0,,,,,,,,,,,,,,
168655.0,,,,,,,,,,,,,,
168656.0,,,,,,,,,,,,,,
168657.0,,,,,,,,,,,,,,
168658.0,,,,,,,,,,,,,,
168659.0,,,,,,,,,,,,,,
168660.0,,,,,,,,,,,,,,
168661.0,,,,,,,,,,,,,,
168662.0,,,,,,,,,,,,,,
168663.0,,,,,,,,,,,,,,
168664.0,,,,,,,,,,,,,,
168665.0,,,,,,,,,,,,,,
168666.0,,,,,,,,,,,,,,
168667.0,,,,,,,,,,,,,,
168668.0,,,,,,,,,,,,,,
168669.0,,,,,,,,,,,,,,
168670.0,,,,,,,,,,,,,,
168671.0,,,,,,,,,,,,,,
168672.0,,,,,,,,,,,,,,
168673.0,,,,,,,,,,,,,,
168674.0,,,,,,,,,,,,,,
168675.0,,,,,,,,,,,,,,
168676.0,,,,,,,,,,,,,,
168677.0,,,,,,,,,,,,,,
168678.0,,,,,,,,,,,,,,
168679.0,,,,,,,,,,,,,,
168680.0,,,,,,,,,,,,,,
168681.0,,,,,,,,,,,,,,
168682.0,,,,,,,,,,,,,,
168683.0,,,,,,,,,,,,,,
168684.0,,,,,,,,,,,,,,
168685.0,,,,,,,,,,,,,,
168686.0,,,,,,,,,,,,,,
168687.0,,,,,,,,,,,,,,
168688.0,,,,,,,,,,,,,,
168689.0,,,,,,,,,,,,,,
168690.0,,,,,,,,,,,,,,
168691.0,,,,,,,,,,,,,,
168692.0,,,,,,,,,,,,,,
168693.0,,,,,,,,,,,,,,
168694.0,,,,,,,,,,,,,,
168695.0,,,,,,,,,,,,,,
168696.0,,,,,,,,,,,,,,
168697.0,,,,,,,,,,,,,,
168698.0,,,,,,,,,,,,,,
168699.0,,,,,,,,,,,,,,
168700.0,,,,,,,,,,,,,,
168701.0,,,,,,,,,,,,,,
168702.0,,,,,,,,,,,,,,
168703.0,,,,,,,,,,,,,,
168704.0,,,,,,,,,,,,,,
168705.0,,,,,,,,,,,,,,
168706.0,,,,,,,,,,,,,,
168707.0,,,,,,,,,,,,,,
168708.0,,,,,,,,,,,,,,
168709.0,,,,,,,,,,,,,,
168710.0,,,,,,,,,,,,,,
168711.0,,,,,,,,,,,,,,
168712.0,,,,,,,,,,,,,,
168713.0,,,,,,,,,,,,,,
168714.0,,,,,,,,,,,,,,
168715.0,,,,,,,,,,,,,,
168716.0,,,,,,,,,,,,,,
168717.0,,,,,,,,,,,,,,
168718.0,,,,,,,,,,,,,,
168719.0,,,,,,,,,,,,,,
168720.0,,,,,,,,,,,,,,
168721.0,,,,,,,,,,,,,,
168722.0,,,,,,,,,,,,,,
168723.0,,,,,,,,,,,,,,
168724.0,,,,,,,,,,,,,,
168725.0,,,,,,,,,,,,,,
168726.0,,,,,,,,,,,,,,
168727.0,,,,,,,,,,,,,,
168728.0,,,,,,,,,,,,,,
168729.0,,,,,,,,,,,,,,
168730.0,,,,,,,,,,,,,,
168731.0,,,,,,,,,,,,,,
168732.0,,,,,,,,,,,,,,
168733.0,,,,,,,,,,,,,,
168734.0,,,,,,,,,,,,,,
168735.0,,,,,,,,,,,,,,
168736.0,,,,,,,,,,,,,,
168737.0,,,,,,,,,,,,,,
168738.0,,,,,,,,,,,,,,
168739.0,,,,,,,,,,,,,,
168740.0,,,,,,,,,,,,,,
168741.0,,,,,,,,,,,,,,
168742.0,,,,,,,,,,,,,,
168743.0,,,,,,,,,,,,,,
168744.0,,,,,,,,,,,,,,
168745.0,,,,,,,,,,,,,,
168746.0,,,,,,,,,,,,,,
168747.0,,,,,,,,,,,,,,
168748.0,,,,,,,,,,,,,,
168749.0,,,,,,,,,,,,,,
168750.0,,,,,,,,,,,,,,
168751.0,,,,,,,,,,,,,,
168752.0,,,,,,,,,,,,,,
168753.0,,,,,,,,,,,,,,
168754.0,,,,,,,,,,,,,,
168755.0,,,,,,,,,,,,,,
168756.0,,,,,,,,,,,,,,
168757.0,,,,,,,,,,,,,,
168758.0,,,,,,,,,,,,,,
168759.0,,,,,,,,,,,,,,
168760.0,,,,,,,,,,,,,,
168761.0,,,,,,,,,,,,,,
168762.0,,,,,,,,,,,,,,
168763.0,,,,,,,,,,,,,,
168764.0,,,,,,,,,,,,,,
168765.0,,,,,,,,,,,,,,
168766.0,,,,,,,,,,,,,,
168767.0,,,,,,,,,,,,,,
168768.0,,,,,,,,,,,,,,
168769.0,,,,,,,,,,,,,,
168770.0,,,,,,,,,,,,,,
168771.0,,,,,,,,,,,,,,
168772.0,,,,,,,,,,,,,,
168773.0,,,,,,,,,,,,,,
168774.0,,,,,,,,,,,,,,
168775.0,,,,,,,,,,,,,,
168776.0,,,,,,,,,,,,,,
168777.0,,,,,,,,,,,,,,
168778.0,,,,,,,,,,,,,,
168779.0,,,,,,,,,,,,,,
168780.0,,,,,,,,,,,,,,
168781.0,,,,,,,,,,,,,,
168782.0,,,,,,,,,,,,,,
168783.0,,,,,,,,,,,,,,
168784.0,,,,,,,,,,,,,,
168785.0,,,,,,,,,,,,,,
168786.0,,,,,,,,,,,,,,
168787.0,,,,,,,,,,,,,,
168788.0,,,,,,,,,,,,,,
168789.0,,,,,,,,,,,,,,
168790.0,,,,,,,,,,,,,,
168791.0,,,,,,,,,,,,,,
168792.0,,,,,,,,,,,,,,
168793.0,,,,,,,,,,,,,,
168794.0,,,,,,,,,,,,,,
168795.0,,,,,,,,,,,,,,
168796.0,,,,,,,,,,,,,,
168797.0,,,,,,,,,,,,,,
168798.0,,,,,,,,,,,,,,
168799.0,,,,,,,,,,,,,,
168800.0,,,,,,,,,,,,,,
168801.0,,,,,,,,,,,,,,
168802.0,,,,,,,,,,,,,,
168803.0,,,,,,,,,,,,,,
168804.0,,,,,,,,,,,,,,
168805.0,,,,,,,,,,,,,,
168806.0,,,,,,,,,,,,,,
168807.0,,,,,,,,,,,,,,
168808.0,,,,,,,,,,,,,,
168809.0,,,,,,,,,,,,,,
168810.0,,,,,,,,,,,,,,
168811.0,,,,,,,,,,,,,,
168812.0,,,,,,,,,,,,,,
168813.0,,,,,,,,,,,,,,
168814.0,,,,,,,,,,,,,,
168815.0,,,,,,,,,,,,,,
168816.0,,,,,,,,,,,,,,
168817.0,,,,,,,,,,,,,,
168818.0,,,,,,,,,,,,,,
168819.0,,,,,,,,,,,,,,
168820.0,,,,,,,,,,,,,,
168821.0,,,,,,,,,,,,,,
168822.0,,,,,,,,,,,,,,
168823.0,,,,,,,,,,,,,,
168824.0,,,,,,,,,,,,,,
168825.0,,,,,,,,,,,,,,
168826.0,,,,,,,,,,,,,,
168827.0,,,,,,,,,,,,,,
168828.0,,,,,,,,,,,,,,
168829.0,,,,,,,,,,,,,,
168830.0,,,,,,,,,,,,,,
168831.0,,,,,,,,,,,,,,
168832.0,,,,,,,,,,,,,,
168833.0,,,,,,,,,,,,,,
168834.0,,,,,,,,,,,,,,
168835.0,,,,,,,,,,,,,,
168836.0,,,,,,,,,,,,,,
168837.0,,,,,,,,,,,,,,
168838.0,,,,,,,,,,,,,,
168839.0,,,,,,,,,,,,,,
168840.0,,,,,,,,,,,,,,
168841.0,,,,,,,,,,,,,,
168842.0,,,,,,,,,,,,,,
168843.0,,,,,,,,,,,,,,
168844.0,,,,,,,,,,,,,,
168845.0,,,,,,,,,,,,,,
168846.0,,,,,,,,,,,,,,
168847.0,,,,,,,,,,,,,,
168848.0,,,,,,,,,,,,,,
168849.0,,,,,,,,,,,,,,
168850.0,,,,,,,,,,,,,,
168851.0,,,,,,,,,,,,,,
168852.0,,,,,,,,,,,,,,
168853.0,,,,,,,,,,,,,,
168854.0,,,,,,,,,,,,,,
168855.0,,,,,,,,,,,,,,
168856.0,,,,,,,,,,,,,,
168857.0,,,,,,,,,,,,,,
168858.0,,,,,,,,,,,,,,
168859.0,,,,,,,,,,,,,,
168860.0,,,,,,,,,,,,,,
168861.0,,,,,,,,,,,,,,
168862.0,,,,,,,,,,,,,,
168863.0,,,,,,,,,,,,,,
168864.0,,,,,,,,,,,,,,
168865.0,,,,,,,,,,,,,,
168866.0,,,,,,,,,,,,,,
168867.0,,,,,,,,,,,,,,
168868.0,,,,,,,,,,,,,,
168869.0,,,,,,,,,,,,,,
168870.0,,,,,,,,,,,,,,
168871.0,,,,,,,,,,,,,,
168872.0,,,,,,,,,,,,,,
168873.0,,,,,,,,,,,,,,
168874.0,,,,,,,,,,,,,,
168875.0,,,,,,,,,,,,,,
168876.0,,,,,,,,,,,,,,
168877.0,,,,,,,,,,,,,,
168878.0,,,,,,,,,,,,,,
168879.0,,,,,,,,,,,,,,
168880.0,,,,,,,,,,,,,,
168881.0,,,,,,,,,,,,,,
168882.0,,,,,,,,,,,,,,
168883.0,,,,,,,,,,,,,,
168884.0,,,,,,,,,,,,,,
168885.0,,,,,,,,,,,,,,
168886.0,,,,,,,,,,,,,,
168887.0,,,,,,,,,,,,,,
168888.0,,,,,,,,,,,,,,
168889.0,,,,,,,,,,,,,,
168890.0,,,,,,,,,,,,,,
168891.0,,,,,,,,,,,,,,
168892.0,,,,,,,,,,,,,,
168893.0,,,,,,,,,,,,,,
168894.0,,,,,,,,,,,,,,
168895.0,,,,,,,,,,,,,,
168896.0,,,,,,,,,,,,,,
168897.0,,,,,,,,,,,,,,
168898.0,,,,,,,,,,,,,,
168899.0,,,,,,,,,,,,,,
168900.0,,,,,,,,,,,,,,
168901.0,,,,,,,,,,,,,,
168902.0,,,,,,,,,,,,,,
168903.0,,,,,,,,,,,,,,
168904.0,,,,,,,,,,,,,,
168905.0,,,,,,,,,,,,,,
168906.0,,,,,,,,,,,,,,
168907.0,,,,,,,,,,,,,,
168908.0,,,,,,,,,,,,,,
168909.0,,,,,,,,,,,,,,
168910.0,,,,,,,,,,,,,,
168911.0,,,,,,,,,,,,,,
168912.0,,,,,,,,,,,,,,
168913.0,,,,,,,,,,,,,,
168914.0,,,,,,,,,,,,,,
168915.0,,,,,,,,,,,,,,
168916.0,,,,,,,,,,,,,,
168917.0,,,,,,,,,,,,,,
168918.0,,,,,,,,,,,,,,
168919.0,,,,,,,,,,,,,,
168920.0,,,,,,,,,,,,,,
168921.0,,,,,,,,,,,,,,
168922.0,,,,,,,,,,,,,,
168923.0,,,,,,,,,,,,,,
168924.0,,,,,,,,,,,,,,
168925.0,,,,,,,,,,,,,,
168926.0,,,,,,,,,,,,,,
168927.0,,,,,,,,,,,,,,
168928.0,,,,,,,,,,,,,,
168929.0,,,,,,,,,,,,,,
168930.0,,,,,,,,,,,,,,
168931.0,,,,,,,,,,,,,,
168932.0,,,,,,,,,,,,,,
168933.0,,,,,,,,,,,,,,
168934.0,,,,,,,,,,,,,,
168935.0,,,,,,,,,,,,,,
168936.0,,,,,,,,,,,,,,
168937.0,,,,,,,,,,,,,,
168938.0,,,,,,,,,,,,,,
168939.0,,,,,,,,,,,,,,
168940.0,,,,,,,,,,,,,,
168941.0,,,,,,,,,,,,,,
168942.0,,,,,,,,,,,,,,
168943.0,,,,,,,,,,,,,,
168944.0,,,,,,,,,,,,,,
168945.0,,,,,,,,,,,,,,
168946.0,,,,,,,,,,,,,,
168947.0,,,,,,,,,,,,,,
168948.0,,,,,,,,,,,,,,
168949.0,,,,,,,,,,,,,,
168950.0,,,,,,,,,,,,,,
168951.0,,,,,,,,,,,,,,
168952.0,,,,,,,,,,,,,,
168953.0,,,,,,,,,,,,,,
168954.0,,,,,,,,,,,,,,
168955.0,,,,,,,,,,,,,,
168956.0,,,,,,,,,,,,,,
168957.0,,,,,,,,,,,,,,
168958.0,,,,,,,,,,,,,,
168959.0,,,,,,,,,,,,,,
168960.0,,,,,,,,,,,,,,
168961.0,,,,,,,,,,,,,,
168962.0,,,,,,,,,,,,,,
168963.0,,,,,,,,,,,,,,
168964.0,,,,,,,,,,,,,,
168965.0,,,,,,,,,,,,,,
168966.0,,,,,,,,,,,,,,
168967.0,,,,,,,,,,,,,,
168968.0,,,,,,,,,,,,,,
168969.0,,,,,,,,,,,,,,
168970.0,,,,,,,,,,,,,,
168971.0,,,,,,,,,,,,,,
168972.0,,,,,,,,,,,,,,
168973.0,,,,,,,,,,,,,,
168974.0,,,,,,,,,,,,,,
168975.0,,,,,,,,,,,,,,
168976.0,,,,,,,,,,,,,,
168977.0,,,,,,,,,,,,,,
168978.0,,,,,,,,,,,,,,
168979.0,,,,,,,,,,,,,,
168980.0,,,,,,,,,,,,,,
168981.0,,,,,,,,,,,,,,
168982.0,,,,,,,,,,,,,,
168983.0,,,,,,,,,,,,,,
168984.0,,,,,,,,,,,,,,
168985.0,,,,,,,,,,,,,,
168986.0,,,,,,,,,,,,,,
168987.0,,,,,,,,,,,,,,
168988.0,,,,,,,,,,,,,,
168989.0,,,,,,,,,,,,,,
168990.0,,,,,,,,,,,,,,
168991.0,,,,,,,,,,,,,,
168992.0,,,,,,,,,,,,,,
168993.0,,,,,,,,,,,,,,
168994.0,,,,,,,,,,,,,,
168995.0,,,,,,,,,,,,,,
168996.0,,,,,,,,,,,,,,
168997.0,,,,,,,,,,,,,,
168998.0,,,,,,,,,,,,,,
168999.0,,,,,,,,,,,,,,
169000.0,,,,,,,,,,,,,,
169001.0,,,,,,,,,,,,,,
169002.0,,,,,,,,,,,,,,
169003.0,,,,,,,,,,,,,,
169004.0,,,,,,,,,,,,,,
169005.0,,,,,,,,,,,,,,
169006.0,,,,,,,,,,,,,,
169007.0,,,,,,,,,,,,,,
169008.0,,,,,,,,,,,,,,
169009.0,,,,,,,,,,,,,,
169010.0,,,,,,,,,,,,,,
169011.0,,,,,,,,,,,,,,
169012.0,,,,,,,,,,,,,,
169013.0,,,,,,,,,,,,,,
169014.0,,,,,,,,,,,,,,
169015.0,,,,,,,,,,,,,,
169016.0,,,,,,,,,,,,,,
169017.0,,,,,,,,,,,,,,
169018.0,,,,,,,,,,,,,,
169019.0,,,,,,,,,,,,,,
169020.0,,,,,,,,,,,,,,
169021.0,,,,,,,,,,,,,,
169022.0,,,,,,,,,,,,,,
169023.0,,,,,,,,,,,,,,
169024.0,,,,,,,,,,,,,,
169025.0,,,,,,,,,,,,,,
169026.0,,,,,,,,,,,,,,
169027.0,,,,,,,,,,,,,,
169028.0,,,,,,,,,,,,,,
169029.0,,,,,,,,,,,,,,
169030.0,,,,,,,,,,,,,,
169031.0,,,,,,,,,,,,,,
169032.0,,,,,,,,,,,,,,
169033.0,,,,,,,,,,,,,,
169034.0,,,,,,,,,,,,,,
169035.0,,,,,,,,,,,,,,
169036.0,,,,,,,,,,,,,,
169037.0,,,,,,,,,,,,,,
169038.0,,,,,,,,,,,,,,
169039.0,,,,,,,,,,,,,,
169040.0,,,,,,,,,,,,,,
169041.0,,,,,,,,,,,,,,
169042.0,,,,,,,,,,,,,,
169043.0,,,,,,,,,,,,,,
169044.0,,,,,,,,,,,,,,
169045.0,,,,,,,,,,,,,,
169046.0,,,,,,,,,,,,,,
169047.0,,,,,,,,,,,,,,
169048.0,,,,,,,,,,,,,,
169049.0,,,,,,,,,,,,,,
169050.0,,,,,,,,,,,,,,
169051.0,,,,,,,,,,,,,,
169052.0,,,,,,,,,,,,,,
169053.0,,,,,,,,,,,,,,
169054.0,,,,,,,,,,,,,,
169055.0,,,,,,,,,,,,,,
169056.0,,,,,,,,,,,,,,
169057.0,,,,,,,,,,,,,,
169058.0,,,,,,,,,,,,,,
169059.0,,,,,,,,,,,,,,
169060.0,,,,,,,,,,,,,,
169061.0,,,,,,,,,,,,,,
169062.0,,,,,,,,,,,,,,
169063.0,,,,,,,,,,,,,,
169064.0,,,,,,,,,,,,,,
169065.0,,,,,,,,,,,,,,
169066.0,,,,,,,,,,,,,,
169067.0,,,,,,,,,,,,,,
169068.0,,,,,,,,,,,,,,
169069.0,,,,,,,,,,,,,,
169070.0,,,,,,,,,,,,,,
169071.0,,,,,,,,,,,,,,
169072.0,,,,,,,,,,,,,,
169073.0,,,,,,,,,,,,,,
169074.0,,,,,,,,,,,,,,
169075.0,,,,,,,,,,,,,,
169076.0,,,,,,,,,,,,,,
169077.0,,,,,,,,,,,,,,
169078.0,,,,,,,,,,,,,,
169079.0,,,,,,,,,,,,,,
169080.0,,,,,,,,,,,,,,
169081.0,,,,,,,,,,,,,,
169082.0,,,,,,,,,,,,,,
169083.0,,,,,,,,,,,,,,
169084.0,,,,,,,,,,,,,,
169085.0,,,,,,,,,,,,,,
169086.0,,,,,,,,,,,,,,
169087.0,,,,,,,,,,,,,,
169088.0,,,,,,,,,,,,,,
169089.0,,,,,,,,,,,,,,
169090.0,,,,,,,,,,,,,,
169091.0,,,,,,,,,,,,,,
169092.0,,,,,,,,,,,,,,
169093.0,,,,,,,,,,,,,,
169094.0,,,,,,,,,,,,,,
169095.0,,,,,,,,,,,,,,
169096.0,,,,,,,,,,,,,,
169097.0,,,,,,,,,,,,,,
169098.0,,,,,,,,,,,,,,
169099.0,,,,,,,,,,,,,,
169100.0,,,,,,,,,,,,,,
169101.0,,,,,,,,,,,,,,
169102.0,,,,,,,,,,,,,,
169103.0,,,,,,,,,,,,,,
169104.0,,,,,,,,,,,,,,
169105.0,,,,,,,,,,,,,,
169106.0,,,,,,,,,,,,,,
169107.0,,,,,,,,,,,,,,
169108.0,,,,,,,,,,,,,,
169109.0,,,,,,,,,,,,,,
169110.0,,,,,,,,,,,,,,
169111.0,,,,,,,,,,,,,,
169112.0,,,,,,,,,,,,,,
169113.0,,,,,,,,,,,,,,
169114.0,,,,,,,,,,,,,,
169115.0,,,,,,,,,,,,,,
169116.0,,,,,,,,,,,,,,
169117.0,,,,,,,,,,,,,,
169118.0,,,,,,,,,,,,,,
169119.0,,,,,,,,,,,,,,
169120.0,,,,,,,,,,,,,,
169121.0,,,,,,,,,,,,,,
169122.0,,,,,,,,,,,,,,
169123.0,,,,,,,,,,,,,,
169124.0,,,,,,,,,,,,,,
169125.0,,,,,,,,,,,,,,
169126.0,,,,,,,,,,,,,,
169127.0,,,,,,,,,,,,,,
169128.0,,,,,,,,,,,,,,
169129.0,,,,,,,,,,,,,,
169130.0,,,,,,,,,,,,,,
169131.0,,,,,,,,,,,,,,
169132.0,,,,,,,,,,,,,,
169133.0,,,,,,,,,,,,,,
169134.0,,,,,,,,,,,,,,
169135.0,,,,,,,,,,,,,,
169136.0,,,,,,,,,,,,,,
169137.0,,,,,,,,,,,,,,
169138.0,,,,,,,,,,,,,,
169139.0,,,,,,,,,,,,,,
169140.0,,,,,,,,,,,,,,
169141.0,,,,,,,,,,,,,,
169142.0,,,,,,,,,,,,,,
169143.0,,,,,,,,,,,,,,
169144.0,,,,,,,,,,,,,,
169145.0,,,,,,,,,,,,,,
169146.0,,,,,,,,,,,,,,
169147.0,,,,,,,,,,,,,,
169148.0,,,,,,,,,,,,,,
169149.0,,,,,,,,,,,,,,
169150.0,,,,,,,,,,,,,,
169151.0,,,,,,,,,,,,,,
169152.0,,,,,,,,,,,,,,
169153.0,,,,,,,,,,,,,,
169154.0,,,,,,,,,,,,,,
169155.0,,,,,,,,,,,,,,
169156.0,,,,,,,,,,,,,,
169157.0,,,,,,,,,,,,,,
169158.0,,,,,,,,,,,,,,
169159.0,,,,,,,,,,,,,,
169160.0,,,,,,,,,,,,,,
169161.0,,,,,,,,,,,,,,
169162.0,,,,,,,,,,,,,,
169163.0,,,,,,,,,,,,,,
169164.0,,,,,,,,,,,,,,
169165.0,,,,,,,,,,,,,,
169166.0,,,,,,,,,,,,,,
169167.0,,,,,,,,,,,,,,
169168.0,,,,,,,,,,,,,,
169169.0,,,,,,,,,,,,,,
169170.0,,,,,,,,,,,,,,
169171.0,,,,,,,,,,,,,,
169172.0,,,,,,,,,,,,,,
169173.0,,,,,,,,,,,,,,
169174.0,,,,,,,,,,,,,,
169175.0,,,,,,,,,,,,,,
169176.0,,,,,,,,,,,,,,
169177.0,,,,,,,,,,,,,,
169178.0,,,,,,,,,,,,,,
169179.0,,,,,,,,,,,,,,
169180.0,,,,,,,,,,,,,,
169181.0,,,,,,,,,,,,,,
169182.0,,,,,,,,,,,,,,
169183.0,,,,,,,,,,,,,,
169184.0,,,,,,,,,,,,,,
169185.0,,,,,,,,,,,,,,
169186.0,,,,,,,,,,,,,,
169187.0,,,,,,,,,,,,,,
169188.0,,,,,,,,,,,,,,
169189.0,,,,,,,,,,,,,,
169190.0,,,,,,,,,,,,,,
169191.0,,,,,,,,,,,,,,
169192.0,,,,,,,,,,,,,,
169193.0,,,,,,,,,,,,,,
169194.0,,,,,,,,,,,,,,
169195.0,,,,,,,,,,,,,,
169196.0,,,,,,,,,,,,,,
169197.0,,,,,,,,,,,,,,
169198.0,,,,,,,,,,,,,,
169199.0,,,,,,,,,,,,,,
169200.0,,,,,,,,,,,,,,
169201.0,,,,,,,,,,,,,,
169202.0,,,,,,,,,,,,,,
169203.0,,,,,,,,,,,,,,
169204.0,,,,,,,,,,,,,,
169205.0,,,,,,,,,,,,,,
169206.0,,,,,,,,,,,,,,
169207.0,,,,,,,,,,,,,,
169208.0,,,,,,,,,,,,,,
169209.0,,,,,,,,,,,,,,
169210.0,,,,,,,,,,,,,,
169211.0,,,,,,,,,,,,,,
169212.0,,,,,,,,,,,,,,
169213.0,,,,,,,,,,,,,,
169214.0,,,,,,,,,,,,,,
169215.0,,,,,,,,,,,,,,
169216.0,,,,,,,,,,,,,,
169217.0,,,,,,,,,,,,,,
169218.0,,,,,,,,,,,,,,
169219.0,,,,,,,,,,,,,,
169220.0,,,,,,,,,,,,,,
169221.0,,,,,,,,,,,,,,
169222.0,,,,,,,,,,,,,,
169223.0,,,,,,,,,,,,,,
169224.0,,,,,,,,,,,,,,
169225.0,,,,,,,,,,,,,,
169226.0,,,,,,,,,,,,,,
169227.0,,,,,,,,,,,,,,
169228.0,,,,,,,,,,,,,,
169229.0,,,,,,,,,,,,,,
169230.0,,,,,,,,,,,,,,
169231.0,,,,,,,,,,,,,,
169232.0,,,,,,,,,,,,,,
169233.0,,,,,,,,,,,,,,
169234.0,,,,,,,,,,,,,,
169235.0,,,,,,,,,,,,,,
169236.0,,,,,,,,,,,,,,
169237.0,,,,,,,,,,,,,,
169238.0,,,,,,,,,,,,,,
169239.0,,,,,,,,,,,,,,
169240.0,,,,,,,,,,,,,,
169241.0,,,,,,,,,,,,,,
169242.0,,,,,,,,,,,,,,
169243.0,,,,,,,,,,,,,,
169244.0,,,,,,,,,,,,,,
169245.0,,,,,,,,,,,,,,
169246.0,,,,,,,,,,,,,,
169247.0,,,,,,,,,,,,,,
169248.0,,,,,,,,,,,,,,
169249.0,,,,,,,,,,,,,,
169250.0,,,,,,,,,,,,,,
169251.0,,,,,,,,,,,,,,
169252.0,,,,,,,,,,,,,,
169253.0,,,,,,,,,,,,,,
169254.0,,,,,,,,,,,,,,
169255.0,,,,,,,,,,,,,,
169256.0,,,,,,,,,,,,,,
169257.0,,,,,,,,,,,,,,
169258.0,,,,,,,,,,,,,,
169259.0,,,,,,,,,,,,,,
169260.0,,,,,,,,,,,,,,
169261.0,,,,,,,,,,,,,,
169262.0,,,,,,,,,,,,,,
169263.0,,,,,,,,,,,,,,
169264.0,,,,,,,,,,,,,,
169265.0,,,,,,,,,,,,,,
169266.0,,,,,,,,,,,,,,
169267.0,,,,,,,,,,,,,,
169268.0,,,,,,,,,,,,,,
169269.0,,,,,,,,,,,,,,
169270.0,,,,,,,,,,,,,,
169271.0,,,,,,,,,,,,,,
169272.0,,,,,,,,,,,,,,
169273.0,,,,,,,,,,,,,,
169274.0,,,,,,,,,,,,,,
169275.0,,,,,,,,,,,,,,
169276.0,,,,,,,,,,,,,,
169277.0,,,,,,,,,,,,,,
169278.0,,,,,,,,,,,,,,
169279.0,,,,,,,,,,,,,,
169280.0,,,,,,,,,,,,,,
169281.0,,,,,,,,,,,,,,
169282.0,,,,,,,,,,,,,,
169283.0,,,,,,,,,,,,,,
169284.0,,,,,,,,,,,,,,
169285.0,,,,,,,,,,,,,,
169286.0,,,,,,,,,,,,,,
169287.0,,,,,,,,,,,,,,
169288.0,,,,,,,,,,,,,,
169289.0,,,,,,,,,,,,,,
169290.0,,,,,,,,,,,,,,
169291.0,,,,,,,,,,,,,,
169292.0,,,,,,,,,,,,,,
169293.0,,,,,,,,,,,,,,
169294.0,,,,,,,,,,,,,,
169295.0,,,,,,,,,,,,,,
169296.0,,,,,,,,,,,,,,
169297.0,,,,,,,,,,,,,,
169298.0,,,,,,,,,,,,,,
169299.0,,,,,,,,,,,,,,
169300.0,,,,,,,,,,,,,,
169301.0,,,,,,,,,,,,,,
169302.0,,,,,,,,,,,,,,
169303.0,,,,,,,,,,,,,,
169304.0,,,,,,,,,,,,,,
169305.0,,,,,,,,,,,,,,
169306.0,,,,,,,,,,,,,,
169307.0,,,,,,,,,,,,,,
169308.0,,,,,,,,,,,,,,
169309.0,,,,,,,,,,,,,,
169310.0,,,,,,,,,,,,,,
169311.0,,,,,,,,,,,,,,
169312.0,,,,,,,,,,,,,,
169313.0,,,,,,,,,,,,,,
169314.0,,,,,,,,,,,,,,
169315.0,,,,,,,,,,,,,,
169316.0,,,,,,,,,,,,,,
169317.0,,,,,,,,,,,,,,
169318.0,,,,,,,,,,,,,,
169319.0,,,,,,,,,,,,,,
169320.0,,,,,,,,,,,,,,
169321.0,,,,,,,,,,,,,,
169322.0,,,,,,,,,,,,,,
169323.0,,,,,,,,,,,,,,
169324.0,,,,,,,,,,,,,,
169325.0,,,,,,,,,,,,,,
169326.0,,,,,,,,,,,,,,
169327.0,,,,,,,,,,,,,,
169328.0,,,,,,,,,,,,,,
169329.0,,,,,,,,,,,,,,
169330.0,,,,,,,,,,,,,,
169331.0,,,,,,,,,,,,,,
169332.0,,,,,,,,,,,,,,
169333.0,,,,,,,,,,,,,,
169334.0,,,,,,,,,,,,,,
169335.0,,,,,,,,,,,,,,
169336.0,,,,,,,,,,,,,,
169337.0,,,,,,,,,,,,,,
169338.0,,,,,,,,,,,,,,
169339.0,,,,,,,,,,,,,,
169340.0,,,,,,,,,,,,,,
169341.0,,,,,,,,,,,,,,
169342.0,,,,,,,,,,,,,,
169343.0,,,,,,,,,,,,,,
169344.0,,,,,,,,,,,,,,
169345.0,,,,,,,,,,,,,,
169346.0,,,,,,,,,,,,,,
169347.0,,,,,,,,,,,,,,
169348.0,,,,,,,,,,,,,,
169349.0,,,,,,,,,,,,,,
169350.0,,,,,,,,,,,,,,
169351.0,,,,,,,,,,,,,,
169352.0,,,,,,,,,,,,,,
169353.0,,,,,,,,,,,,,,
169354.0,,,,,,,,,,,,,,
169355.0,,,,,,,,,,,,,,
169356.0,,,,,,,,,,,,,,
169357.0,,,,,,,,,,,,,,
169358.0,,,,,,,,,,,,,,
169359.0,,,,,,,,,,,,,,
169360.0,,,,,,,,,,,,,,
169361.0,,,,,,,,,,,,,,
169362.0,,,,,,,,,,,,,,
169363.0,,,,,,,,,,,,,,
169364.0,,,,,,,,,,,,,,
169365.0,,,,,,,,,,,,,,
169366.0,,,,,,,,,,,,,,
169367.0,,,,,,,,,,,,,,
169368.0,,,,,,,,,,,,,,
169369.0,,,,,,,,,,,,,,
169370.0,,,,,,,,,,,,,,
169371.0,,,,,,,,,,,,,,
169372.0,,,,,,,,,,,,,,
169373.0,,,,,,,,,,,,,,
169374.0,,,,,,,,,,,,,,
169375.0,,,,,,,,,,,,,,
169376.0,,,,,,,,,,,,,,
169377.0,,,,,,,,,,,,,,
169378.0,,,,,,,,,,,,,,
169379.0,,,,,,,,,,,,,,
169380.0,,,,,,,,,,,,,,
169381.0,,,,,,,,,,,,,,
169382.0,,,,,,,,,,,,,,
169383.0,,,,,,,,,,,,,,
169384.0,,,,,,,,,,,,,,
169385.0,,,,,,,,,,,,,,
169386.0,,,,,,,,,,,,,,
169387.0,,,,,,,,,,,,,,
169388.0,,,,,,,,,,,,,,
169389.0,,,,,,,,,,,,,,
169390.0,,,,,,,,,,,,,,
169391.0,,,,,,,,,,,,,,
169392.0,,,,,,,,,,,,,,
169393.0,,,,,,,,,,,,,,
169394.0,,,,,,,,,,,,,,
169395.0,,,,,,,,,,,,,,
169396.0,,,,,,,,,,,,,,
169397.0,,,,,,,,,,,,,,
169398.0,,,,,,,,,,,,,,
169399.0,,,,,,,,,,,,,,
169400.0,,,,,,,,,,,,,,
169401.0,,,,,,,,,,,,,,
169402.0,,,,,,,,,,,,,,
169403.0,,,,,,,,,,,,,,
169404.0,,,,,,,,,,,,,,
169405.0,,,,,,,,,,,,,,
169406.0,,,,,,,,,,,,,,
169407.0,,,,,,,,,,,,,,
169408.0,,,,,,,,,,,,,,
169409.0,,,,,,,,,,,,,,
169410.0,,,,,,,,,,,,,,
169411.0,,,,,,,,,,,,,,
169412.0,,,,,,,,,,,,,,
169413.0,,,,,,,,,,,,,,
169414.0,,,,,,,,,,,,,,
169415.0,,,,,,,,,,,,,,
169416.0,,,,,,,,,,,,,,
169417.0,,,,,,,,,,,,,,
169418.0,,,,,,,,,,,,,,
169419.0,,,,,,,,,,,,,,
169420.0,,,,,,,,,,,,,,
169421.0,,,,,,,,,,,,,,
169422.0,,,,,,,,,,,,,,
169423.0,,,,,,,,,,,,,,
169424.0,,,,,,,,,,,,,,
169425.0,,,,,,,,,,,,,,
169426.0,,,,,,,,,,,,,,
169427.0,,,,,,,,,,,,,,
169428.0,,,,,,,,,,,,,,
169429.0,,,,,,,,,,,,,,
169430.0,,,,,,,,,,,,,,
169431.0,,,,,,,,,,,,,,
169432.0,,,,,,,,,,,,,,
169433.0,,,,,,,,,,,,,,
169434.0,,,,,,,,,,,,,,
169435.0,,,,,,,,,,,,,,
169436.0,,,,,,,,,,,,,,
169437.0,,,,,,,,,,,,,,
169438.0,,,,,,,,,,,,,,
169439.0,,,,,,,,,,,,,,
169440.0,,,,,,,,,,,,,,
169441.0,,,,,,,,,,,,,,
169442.0,,,,,,,,,,,,,,
169443.0,,,,,,,,,,,,,,
169444.0,,,,,,,,,,,,,,
169445.0,,,,,,,,,,,,,,
169446.0,,,,,,,,,,,,,,
169447.0,,,,,,,,,,,,,,
169448.0,,,,,,,,,,,,,,
169449.0,,,,,,,,,,,,,,
169450.0,,,,,,,,,,,,,,
169451.0,,,,,,,,,,,,,,
169452.0,,,,,,,,,,,,,,
169453.0,,,,,,,,,,,,,,
169454.0,,,,,,,,,,,,,,
169455.0,,,,,,,,,,,,,,
169456.0,,,,,,,,,,,,,,
169457.0,,,,,,,,,,,,,,
169458.0,,,,,,,,,,,,,,
169459.0,,,,,,,,,,,,,,
169460.0,,,,,,,,,,,,,,
169461.0,,,,,,,,,,,,,,
169462.0,,,,,,,,,,,,,,
169463.0,,,,,,,,,,,,,,
169464.0,,,,,,,,,,,,,,
169465.0,,,,,,,,,,,,,,
169466.0,,,,,,,,,,,,,,
169467.0,,,,,,,,,,,,,,
169468.0,,,,,,,,,,,,,,
169469.0,,,,,,,,,,,,,,
169470.0,,,,,,,,,,,,,,
169471.0,,,,,,,,,,,,,,
169472.0,,,,,,,,,,,,,,
169473.0,,,,,,,,,,,,,,
169474.0,,,,,,,,,,,,,,
169475.0,,,,,,,,,,,,,,
169476.0,,,,,,,,,,,,,,
169477.0,,,,,,,,,,,,,,
169478.0,,,,,,,,,,,,,,
169479.0,,,,,,,,,,,,,,
169480.0,,,,,,,,,,,,,,
169481.0,,,,,,,,,,,,,,
169482.0,,,,,,,,,,,,,,
169483.0,,,,,,,,,,,,,,
169484.0,,,,,,,,,,,,,,
169485.0,,,,,,,,,,,,,,
169486.0,,,,,,,,,,,,,,
169487.0,,,,,,,,,,,,,,
169488.0,,,,,,,,,,,,,,
169489.0,,,,,,,,,,,,,,
169490.0,,,,,,,,,,,,,,
169491.0,,,,,,,,,,,,,,
169492.0,,,,,,,,,,,,,,
169493.0,,,,,,,,,,,,,,
169494.0,,,,,,,,,,,,,,
169495.0,,,,,,,,,,,,,,
169496.0,,,,,,,,,,,,,,
169497.0,,,,,,,,,,,,,,
169498.0,,,,,,,,,,,,,,
169499.0,,,,,,,,,,,,,,
169500.0,,,,,,,,,,,,,,
169501.0,,,,,,,,,,,,,,
169502.0,,,,,,,,,,,,,,
169503.0,,,,,,,,,,,,,,
169504.0,,,,,,,,,,,,,,
169505.0,,,,,,,,,,,,,,
169506.0,,,,,,,,,,,,,,
169507.0,,,,,,,,,,,,,,
169508.0,,,,,,,,,,,,,,
169509.0,,,,,,,,,,,,,,
169510.0,,,,,,,,,,,,,,
169511.0,,,,,,,,,,,,,,
169512.0,,,,,,,,,,,,,,
169513.0,,,,,,,,,,,,,,
169514.0,,,,,,,,,,,,,,
169515.0,,,,,,,,,,,,,,
169516.0,,,,,,,,,,,,,,
169517.0,,,,,,,,,,,,,,
169518.0,,,,,,,,,,,,,,
169519.0,,,,,,,,,,,,,,
169520.0,,,,,,,,,,,,,,
169521.0,,,,,,,,,,,,,,
169522.0,,,,,,,,,,,,,,
169523.0,,,,,,,,,,,,,,
169524.0,,,,,,,,,,,,,,
169525.0,,,,,,,,,,,,,,
169526.0,,,,,,,,,,,,,,
169527.0,,,,,,,,,,,,,,
169528.0,,,,,,,,,,,,,,
169529.0,,,,,,,,,,,,,,
169530.0,,,,,,,,,,,,,,
169531.0,,,,,,,,,,,,,,
169532.0,,,,,,,,,,,,,,
169533.0,,,,,,,,,,,,,,
169534.0,,,,,,,,,,,,,,
169535.0,,,,,,,,,,,,,,
169536.0,,,,,,,,,,,,,,
169537.0,,,,,,,,,,,,,,
169538.0,,,,,,,,,,,,,,
169539.0,,,,,,,,,,,,,,
169540.0,,,,,,,,,,,,,,
169541.0,,,,,,,,,,,,,,
169542.0,,,,,,,,,,,,,,
169543.0,,,,,,,,,,,,,,
169544.0,,,,,,,,,,,,,,
169545.0,,,,,,,,,,,,,,
169546.0,,,,,,,,,,,,,,
169547.0,,,,,,,,,,,,,,
169548.0,,,,,,,,,,,,,,
169549.0,,,,,,,,,,,,,,
169550.0,,,,,,,,,,,,,,
169551.0,,,,,,,,,,,,,,
169552.0,,,,,,,,,,,,,,
169553.0,,,,,,,,,,,,,,
169554.0,,,,,,,,,,,,,,
169555.0,,,,,,,,,,,,,,
169556.0,,,,,,,,,,,,,,
169557.0,,,,,,,,,,,,,,
169558.0,,,,,,,,,,,,,,
169559.0,,,,,,,,,,,,,,
169560.0,,,,,,,,,,,,,,
169561.0,,,,,,,,,,,,,,
169562.0,,,,,,,,,,,,,,
169563.0,,,,,,,,,,,,,,
169564.0,,,,,,,,,,,,,,
169565.0,,,,,,,,,,,,,,
169566.0,,,,,,,,,,,,,,
169567.0,,,,,,,,,,,,,,
169568.0,,,,,,,,,,,,,,
169569.0,,,,,,,,,,,,,,
169570.0,,,,,,,,,,,,,,
169571.0,,,,,,,,,,,,,,
169572.0,,,,,,,,,,,,,,
169573.0,,,,,,,,,,,,,,
169574.0,,,,,,,,,,,,,,
169575.0,,,,,,,,,,,,,,
169576.0,,,,,,,,,,,,,,
169577.0,,,,,,,,,,,,,,
169578.0,,,,,,,,,,,,,,
169579.0,,,,,,,,,,,,,,
169580.0,,,,,,,,,,,,,,
169581.0,,,,,,,,,,,,,,
169582.0,,,,,,,,,,,,,,
169583.0,,,,,,,,,,,,,,
169584.0,,,,,,,,,,,,,,
169585.0,,,,,,,,,,,,,,
169586.0,,,,,,,,,,,,,,
169587.0,,,,,,,,,,,,,,
169588.0,,,,,,,,,,,,,,
169589.0,,,,,,,,,,,,,,
169590.0,,,,,,,,,,,,,,
169591.0,,,,,,,,,,,,,,
169592.0,,,,,,,,,,,,,,
169593.0,,,,,,,,,,,,,,
169594.0,,,,,,,,,,,,,,
169595.0,,,,,,,,,,,,,,
169596.0,,,,,,,,,,,,,,
169597.0,,,,,,,,,,,,,,
169598.0,,,,,,,,,,,,,,
169599.0,,,,,,,,,,,,,,
169600.0,,,,,,,,,,,,,,
169601.0,,,,,,,,,,,,,,
169602.0,,,,,,,,,,,,,,
169603.0,,,,,,,,,,,,,,
169604.0,,,,,,,,,,,,,,
169605.0,,,,,,,,,,,,,,
169606.0,,,,,,,,,,,,,,
169607.0,,,,,,,,,,,,,,
169608.0,,,,,,,,,,,,,,
169609.0,,,,,,,,,,,,,,
169610.0,,,,,,,,,,,,,,
169611.0,,,,,,,,,,,,,,
169612.0,,,,,,,,,,,,,,
169613.0,,,,,,,,,,,,,,
169614.0,,,,,,,,,,,,,,
169615.0,,,,,,,,,,,,,,
169616.0,,,,,,,,,,,,,,
169617.0,,,,,,,,,,,,,,
169618.0,,,,,,,,,,,,,,
169619.0,,,,,,,,,,,,,,
169620.0,,,,,,,,,,,,,,
169621.0,,,,,,,,,,,,,,
169622.0,,,,,,,,,,,,,,
169623.0,,,,,,,,,,,,,,
169624.0,,,,,,,,,,,,,,
169625.0,,,,,,,,,,,,,,
169626.0,,,,,,,,,,,,,,
169627.0,,,,,,,,,,,,,,
169628.0,,,,,,,,,,,,,,
169629.0,,,,,,,,,,,,,,
169630.0,,,,,,,,,,,,,,
169631.0,,,,,,,,,,,,,,
169632.0,,,,,,,,,,,,,,
169633.0,,,,,,,,,,,,,,
169634.0,,,,,,,,,,,,,,
169635.0,,,,,,,,,,,,,,
169636.0,,,,,,,,,,,,,,
169637.0,,,,,,,,,,,,,,
169638.0,,,,,,,,,,,,,,
169639.0,,,,,,,,,,,,,,
169640.0,,,,,,,,,,,,,,
169641.0,,,,,,,,,,,,,,
169642.0,,,,,,,,,,,,,,
169643.0,,,,,,,,,,,,,,
169644.0,,,,,,,,,,,,,,
169645.0,,,,,,,,,,,,,,
169646.0,,,,,,,,,,,,,,
169647.0,,,,,,,,,,,,,,
169648.0,,,,,,,,,,,,,,
169649.0,,,,,,,,,,,,,,
169650.0,,,,,,,,,,,,,,
169651.0,,,,,,,,,,,,,,
169652.0,,,,,,,,,,,,,,
169653.0,,,,,,,,,,,,,,
169654.0,,,,,,,,,,,,,,
169655.0,,,,,,,,,,,,,,
169656.0,,,,,,,,,,,,,,
169657.0,,,,,,,,,,,,,,
169658.0,,,,,,,,,,,,,,
169659.0,,,,,,,,,,,,,,
169660.0,,,,,,,,,,,,,,
169661.0,,,,,,,,,,,,,,
169662.0,,,,,,,,,,,,,,
169663.0,,,,,,,,,,,,,,
169664.0,,,,,,,,,,,,,,
169665.0,,,,,,,,,,,,,,
169666.0,,,,,,,,,,,,,,
169667.0,,,,,,,,,,,,,,
169668.0,,,,,,,,,,,,,,
169669.0,,,,,,,,,,,,,,
169670.0,,,,,,,,,,,,,,
169671.0,,,,,,,,,,,,,,
169672.0,,,,,,,,,,,,,,
169673.0,,,,,,,,,,,,,,
169674.0,,,,,,,,,,,,,,
169675.0,,,,,,,,,,,,,,
169676.0,,,,,,,,,,,,,,
169677.0,,,,,,,,,,,,,,
169678.0,,,,,,,,,,,,,,
169679.0,,,,,,,,,,,,,,
169680.0,,,,,,,,,,,,,,
169681.0,,,,,,,,,,,,,,
169682.0,,,,,,,,,,,,,,
169683.0,,,,,,,,,,,,,,
169684.0,,,,,,,,,,,,,,
169685.0,,,,,,,,,,,,,,
169686.0,,,,,,,,,,,,,,
169687.0,,,,,,,,,,,,,,
169688.0,,,,,,,,,,,,,,
169689.0,,,,,,,,,,,,,,
169690.0,,,,,,,,,,,,,,
169691.0,,,,,,,,,,,,,,
169692.0,,,,,,,,,,,,,,
169693.0,,,,,,,,,,,,,,
169694.0,,,,,,,,,,,,,,
169695.0,,,,,,,,,,,,,,
169696.0,,,,,,,,,,,,,,
169697.0,,,,,,,,,,,,,,
169698.0,,,,,,,,,,,,,,
169699.0,,,,,,,,,,,,,,
169700.0,,,,,,,,,,,,,,
169701.0,,,,,,,,,,,,,,
169702.0,,,,,,,,,,,,,,
169703.0,,,,,,,,,,,,,,
169704.0,,,,,,,,,,,,,,
169705.0,,,,,,,,,,,,,,
169706.0,,,,,,,,,,,,,,
169707.0,,,,,,,,,,,,,,
169708.0,,,,,,,,,,,,,,
169709.0,,,,,,,,,,,,,,
169710.0,,,,,,,,,,,,,,
169711.0,,,,,,,,,,,,,,
169712.0,,,,,,,,,,,,,,
169713.0,,,,,,,,,,,,,,
169714.0,,,,,,,,,,,,,,
169715.0,,,,,,,,,,,,,,
169716.0,,,,,,,,,,,,,,
169717.0,,,,,,,,,,,,,,
169718.0,,,,,,,,,,,,,,
169719.0,,,,,,,,,,,,,,
169720.0,,,,,,,,,,,,,,
169721.0,,,,,,,,,,,,,,
169722.0,,,,,,,,,,,,,,
169723.0,,,,,,,,,,,,,,
169724.0,,,,,,,,,,,,,,
169725.0,,,,,,,,,,,,,,
169726.0,,,,,,,,,,,,,,
169727.0,,,,,,,,,,,,,,
169728.0,,,,,,,,,,,,,,
169729.0,,,,,,,,,,,,,,
169730.0,,,,,,,,,,,,,,
169731.0,,,,,,,,,,,,,,
169732.0,,,,,,,,,,,,,,
169733.0,,,,,,,,,,,,,,
169734.0,,,,,,,,,,,,,,
169735.0,,,,,,,,,,,,,,
169736.0,,,,,,,,,,,,,,
169737.0,,,,,,,,,,,,,,
169738.0,,,,,,,,,,,,,,
169739.0,,,,,,,,,,,,,,
169740.0,,,,,,,,,,,,,,
169741.0,,,,,,,,,,,,,,
169742.0,,,,,,,,,,,,,,
169743.0,,,,,,,,,,,,,,
169744.0,,,,,,,,,,,,,,
169745.0,,,,,,,,,,,,,,
169746.0,,,,,,,,,,,,,,
169747.0,,,,,,,,,,,,,,
169748.0,,,,,,,,,,,,,,
169749.0,,,,,,,,,,,,,,
169750.0,,,,,,,,,,,,,,
169751.0,,,,,,,,,,,,,,
169752.0,,,,,,,,,,,,,,
169753.0,,,,,,,,,,,,,,
169754.0,,,,,,,,,,,,,,
169755.0,,,,,,,,,,,,,,
169756.0,,,,,,,,,,,,,,
169757.0,,,,,,,,,,,,,,
169758.0,,,,,,,,,,,,,,
169759.0,,,,,,,,,,,,,,
169760.0,,,,,,,,,,,,,,
169761.0,,,,,,,,,,,,,,
169762.0,,,,,,,,,,,,,,
169763.0,,,,,,,,,,,,,,
169764.0,,,,,,,,,,,,,,
169765.0,,,,,,,,,,,,,,
169766.0,,,,,,,,,,,,,,
169767.0,,,,,,,,,,,,,,
169768.0,,,,,,,,,,,,,,
169769.0,,,,,,,,,,,,,,
169770.0,,,,,,,,,,,,,,
169771.0,,,,,,,,,,,,,,
169772.0,,,,,,,,,,,,,,
169773.0,,,,,,,,,,,,,,
169774.0,,,,,,,,,,,,,,
169775.0,,,,,,,,,,,,,,
169776.0,,,,,,,,,,,,,,
169777.0,,,,,,,,,,,,,,
169778.0,,,,,,,,,,,,,,
169779.0,,,,,,,,,,,,,,
169780.0,,,,,,,,,,,,,,
169781.0,,,,,,,,,,,,,,
169782.0,,,,,,,,,,,,,,
169783.0,,,,,,,,,,,,,,
169784.0,,,,,,,,,,,,,,
169785.0,,,,,,,,,,,,,,
169786.0,,,,,,,,,,,,,,
169787.0,,,,,,,,,,,,,,
169788.0,,,,,,,,,,,,,,
169789.0,,,,,,,,,,,,,,
169790.0,,,,,,,,,,,,,,
169791.0,,,,,,,,,,,,,,
169792.0,,,,,,,,,,,,,,
169793.0,,,,,,,,,,,,,,
169794.0,,,,,,,,,,,,,,
169795.0,,,,,,,,,,,,,,
169796.0,,,,,,,,,,,,,,
169797.0,,,,,,,,,,,,,,
169798.0,,,,,,,,,,,,,,
169799.0,,,,,,,,,,,,,,
169800.0,,,,,,,,,,,,,,
169801.0,,,,,,,,,,,,,,
169802.0,,,,,,,,,,,,,,
169803.0,,,,,,,,,,,,,,
169804.0,,,,,,,,,,,,,,
169805.0,,,,,,,,,,,,,,
169806.0,,,,,,,,,,,,,,
169807.0,,,,,,,,,,,,,,
169808.0,,,,,,,,,,,,,,
169809.0,,,,,,,,,,,,,,
169810.0,,,,,,,,,,,,,,
169811.0,,,,,,,,,,,,,,
169812.0,,,,,,,,,,,,,,
169813.0,,,,,,,,,,,,,,
169814.0,,,,,,,,,,,,,,
169815.0,,,,,,,,,,,,,,
169816.0,,,,,,,,,,,,,,
169817.0,,,,,,,,,,,,,,
169818.0,,,,,,,,,,,,,,
169819.0,,,,,,,,,,,,,,
169820.0,,,,,,,,,,,,,,
169821.0,,,,,,,,,,,,,,
169822.0,,,,,,,,,,,,,,
169823.0,,,,,,,,,,,,,,
169824.0,,,,,,,,,,,,,,
169825.0,,,,,,,,,,,,,,
169826.0,,,,,,,,,,,,,,
169827.0,,,,,,,,,,,,,,
169828.0,,,,,,,,,,,,,,
169829.0,,,,,,,,,,,,,,
169830.0,,,,,,,,,,,,,,
169831.0,,,,,,,,,,,,,,
169832.0,,,,,,,,,,,,,,
169833.0,,,,,,,,,,,,,,
169834.0,,,,,,,,,,,,,,
169835.0,,,,,,,,,,,,,,
169836.0,,,,,,,,,,,,,,
169837.0,,,,,,,,,,,,,,
169838.0,,,,,,,,,,,,,,
169839.0,,,,,,,,,,,,,,
169840.0,,,,,,,,,,,,,,
169841.0,,,,,,,,,,,,,,
169842.0,,,,,,,,,,,,,,
169843.0,,,,,,,,,,,,,,
169844.0,,,,,,,,,,,,,,
169845.0,,,,,,,,,,,,,,
169846.0,,,,,,,,,,,,,,
169847.0,,,,,,,,,,,,,,
169848.0,,,,,,,,,,,,,,
169849.0,,,,,,,,,,,,,,
169850.0,,,,,,,,,,,,,,
169851.0,,,,,,,,,,,,,,
169852.0,,,,,,,,,,,,,,
169853.0,,,,,,,,,,,,,,
169854.0,,,,,,,,,,,,,,
169855.0,,,,,,,,,,,,,,
169856.0,,,,,,,,,,,,,,
169857.0,,,,,,,,,,,,,,
169858.0,,,,,,,,,,,,,,
169859.0,,,,,,,,,,,,,,
169860.0,,,,,,,,,,,,,,
169861.0,,,,,,,,,,,,,,
169862.0,,,,,,,,,,,,,,
169863.0,,,,,,,,,,,,,,
169864.0,,,,,,,,,,,,,,
169865.0,,,,,,,,,,,,,,
169866.0,,,,,,,,,,,,,,
169867.0,,,,,,,,,,,,,,
169868.0,,,,,,,,,,,,,,
169869.0,,,,,,,,,,,,,,
169870.0,,,,,,,,,,,,,,
169871.0,,,,,,,,,,,,,,
169872.0,,,,,,,,,,,,,,
169873.0,,,,,,,,,,,,,,
169874.0,,,,,,,,,,,,,,
169875.0,,,,,,,,,,,,,,
169876.0,,,,,,,,,,,,,,
169877.0,,,,,,,,,,,,,,
169878.0,,,,,,,,,,,,,,
169879.0,,,,,,,,,,,,,,
169880.0,,,,,,,,,,,,,,
169881.0,,,,,,,,,,,,,,
169882.0,,,,,,,,,,,,,,
169883.0,,,,,,,,,,,,,,
169884.0,,,,,,,,,,,,,,
169885.0,,,,,,,,,,,,,,
169886.0,,,,,,,,,,,,,,
169887.0,,,,,,,,,,,,,,
169888.0,,,,,,,,,,,,,,
169889.0,,,,,,,,,,,,,,
169890.0,,,,,,,,,,,,,,
169891.0,,,,,,,,,,,,,,
169892.0,,,,,,,,,,,,,,
169893.0,,,,,,,,,,,,,,
169894.0,,,,,,,,,,,,,,
169895.0,,,,,,,,,,,,,,
169896.0,,,,,,,,,,,,,,
169897.0,,,,,,,,,,,,,,
169898.0,,,,,,,,,,,,,,
169899.0,,,,,,,,,,,,,,
169900.0,,,,,,,,,,,,,,
169901.0,,,,,,,,,,,,,,
169902.0,,,,,,,,,,,,,,
169903.0,,,,,,,,,,,,,,
169904.0,,,,,,,,,,,,,,
169905.0,,,,,,,,,,,,,,
169906.0,,,,,,,,,,,,,,
169907.0,,,,,,,,,,,,,,
169908.0,,,,,,,,,,,,,,
169909.0,,,,,,,,,,,,,,
169910.0,,,,,,,,,,,,,,
169911.0,,,,,,,,,,,,,,
169912.0,,,,,,,,,,,,,,
169913.0,,,,,,,,,,,,,,
169914.0,,,,,,,,,,,,,,
169915.0,,,,,,,,,,,,,,
169916.0,,,,,,,,,,,,,,
169917.0,,,,,,,,,,,,,,
169918.0,,,,,,,,,,,,,,
169919.0,,,,,,,,,,,,,,
169920.0,,,,,,,,,,,,,,
169921.0,,,,,,,,,,,,,,
169922.0,,,,,,,,,,,,,,
169923.0,,,,,,,,,,,,,,
169924.0,,,,,,,,,,,,,,
169925.0,,,,,,,,,,,,,,
169926.0,,,,,,,,,,,,,,
169927.0,,,,,,,,,,,,,,
169928.0,,,,,,,,,,,,,,
169929.0,,,,,,,,,,,,,,
169930.0,,,,,,,,,,,,,,
169931.0,,,,,,,,,,,,,,
169932.0,,,,,,,,,,,,,,
169933.0,,,,,,,,,,,,,,
169934.0,,,,,,,,,,,,,,
169935.0,,,,,,,,,,,,,,
169936.0,,,,,,,,,,,,,,
169937.0,,,,,,,,,,,,,,
169938.0,,,,,,,,,,,,,,
169939.0,,,,,,,,,,,,,,
169940.0,,,,,,,,,,,,,,
169941.0,,,,,,,,,,,,,,
169942.0,,,,,,,,,,,,,,
169943.0,,,,,,,,,,,,,,
169944.0,,,,,,,,,,,,,,
169945.0,,,,,,,,,,,,,,
169946.0,,,,,,,,,,,,,,
169947.0,,,,,,,,,,,,,,
169948.0,,,,,,,,,,,,,,
169949.0,,,,,,,,,,,,,,
169950.0,,,,,,,,,,,,,,
169951.0,,,,,,,,,,,,,,
169952.0,,,,,,,,,,,,,,
169953.0,,,,,,,,,,,,,,
169954.0,,,,,,,,,,,,,,
169955.0,,,,,,,,,,,,,,
169956.0,,,,,,,,,,,,,,
169957.0,,,,,,,,,,,,,,
169958.0,,,,,,,,,,,,,,
169959.0,,,,,,,,,,,,,,
169960.0,,,,,,,,,,,,,,
169961.0,,,,,,,,,,,,,,
169962.0,,,,,,,,,,,,,,
169963.0,,,,,,,,,,,,,,
169964.0,,,,,,,,,,,,,,
169965.0,,,,,,,,,,,,,,
169966.0,,,,,,,,,,,,,,
169967.0,,,,,,,,,,,,,,
169968.0,,,,,,,,,,,,,,
169969.0,,,,,,,,,,,,,,
169970.0,,,,,,,,,,,,,,
169971.0,,,,,,,,,,,,,,
169972.0,,,,,,,,,,,,,,
169973.0,,,,,,,,,,,,,,
169974.0,,,,,,,,,,,,,,
169975.0,,,,,,,,,,,,,,
169976.0,,,,,,,,,,,,,,
169977.0,,,,,,,,,,,,,,
169978.0,,,,,,,,,,,,,,
169979.0,,,,,,,,,,,,,,
169980.0,,,,,,,,,,,,,,
169981.0,,,,,,,,,,,,,,
169982.0,,,,,,,,,,,,,,
169983.0,,,,,,,,,,,,,,
169984.0,,,,,,,,,,,,,,
169985.0,,,,,,,,,,,,,,
169986.0,,,,,,,,,,,,,,
169987.0,,,,,,,,,,,,,,
169988.0,,,,,,,,,,,,,,
169989.0,,,,,,,,,,,,,,
169990.0,,,,,,,,,,,,,,
169991.0,,,,,,,,,,,,,,
169992.0,,,,,,,,,,,,,,
169993.0,,,,,,,,,,,,,,
169994.0,,,,,,,,,,,,,,
169995.0,,,,,,,,,,,,,,
169996.0,,,,,,,,,,,,,,
169997.0,,,,,,,,,,,,,,
169998.0,,,,,,,,,,,,,,
169999.0,,,,,,,,,,,,,,
170000.0,,,,,,,,,,,,,,
170001.0,,,,,,,,,,,,,,
170002.0,,,,,,,,,,,,,,
170003.0,,,,,,,,,,,,,,
170004.0,,,,,,,,,,,,,,
170005.0,,,,,,,,,,,,,,
170006.0,,,,,,,,,,,,,,
170007.0,,,,,,,,,,,,,,
170008.0,,,,,,,,,,,,,,
170009.0,,,,,,,,,,,,,,
170010.0,,,,,,,,,,,,,,
170011.0,,,,,,,,,,,,,,
170012.0,,,,,,,,,,,,,,
170013.0,,,,,,,,,,,,,,
170014.0,,,,,,,,,,,,,,
170015.0,,,,,,,,,,,,,,
170016.0,,,,,,,,,,,,,,
170017.0,,,,,,,,,,,,,,
170018.0,,,,,,,,,,,,,,
170019.0,,,,,,,,,,,,,,
170020.0,,,,,,,,,,,,,,
170021.0,,,,,,,,,,,,,,
170022.0,,,,,,,,,,,,,,
170023.0,,,,,,,,,,,,,,
170024.0,,,,,,,,,,,,,,
170025.0,,,,,,,,,,,,,,
170026.0,,,,,,,,,,,,,,
170027.0,,,,,,,,,,,,,,
170028.0,,,,,,,,,,,,,,
170029.0,,,,,,,,,,,,,,
170030.0,,,,,,,,,,,,,,
170031.0,,,,,,,,,,,,,,
170032.0,,,,,,,,,,,,,,
170033.0,,,,,,,,,,,,,,
170034.0,,,,,,,,,,,,,,
170035.0,,,,,,,,,,,,,,
170036.0,,,,,,,,,,,,,,
170037.0,,,,,,,,,,,,,,
170038.0,,,,,,,,,,,,,,
170039.0,,,,,,,,,,,,,,
170040.0,,,,,,,,,,,,,,
170041.0,,,,,,,,,,,,,,
170042.0,,,,,,,,,,,,,,
170043.0,,,,,,,,,,,,,,
170044.0,,,,,,,,,,,,,,
170045.0,,,,,,,,,,,,,,
170046.0,,,,,,,,,,,,,,
170047.0,,,,,,,,,,,,,,
170048.0,,,,,,,,,,,,,,
170049.0,,,,,,,,,,,,,,
170050.0,,,,,,,,,,,,,,
170051.0,,,,,,,,,,,,,,
170052.0,,,,,,,,,,,,,,
170053.0,,,,,,,,,,,,,,
170054.0,,,,,,,,,,,,,,
170055.0,,,,,,,,,,,,,,
170056.0,,,,,,,,,,,,,,
170057.0,,,,,,,,,,,,,,
170058.0,,,,,,,,,,,,,,
170059.0,,,,,,,,,,,,,,
170060.0,,,,,,,,,,,,,,
170061.0,,,,,,,,,,,,,,
170062.0,,,,,,,,,,,,,,
170063.0,,,,,,,,,,,,,,
170064.0,,,,,,,,,,,,,,
170065.0,,,,,,,,,,,,,,
170066.0,,,,,,,,,,,,,,
170067.0,,,,,,,,,,,,,,
170068.0,,,,,,,,,,,,,,
170069.0,,,,,,,,,,,,,,
170070.0,,,,,,,,,,,,,,
170071.0,,,,,,,,,,,,,,
170072.0,,,,,,,,,,,,,,
170073.0,,,,,,,,,,,,,,
170074.0,,,,,,,,,,,,,,
170075.0,,,,,,,,,,,,,,
170076.0,,,,,,,,,,,,,,
170077.0,,,,,,,,,,,,,,
170078.0,,,,,,,,,,,,,,
170079.0,,,,,,,,,,,,,,
170080.0,,,,,,,,,,,,,,
170081.0,,,,,,,,,,,,,,
170082.0,,,,,,,,,,,,,,
170083.0,,,,,,,,,,,,,,
170084.0,,,,,,,,,,,,,,
170085.0,,,,,,,,,,,,,,
170086.0,,,,,,,,,,,,,,
170087.0,,,,,,,,,,,,,,
170088.0,,,,,,,,,,,,,,
170089.0,,,,,,,,,,,,,,
170090.0,,,,,,,,,,,,,,
170091.0,,,,,,,,,,,,,,
170092.0,,,,,,,,,,,,,,
170093.0,,,,,,,,,,,,,,
170094.0,,,,,,,,,,,,,,
170095.0,,,,,,,,,,,,,,
170096.0,,,,,,,,,,,,,,
170097.0,,,,,,,,,,,,,,
170098.0,,,,,,,,,,,,,,
170099.0,,,,,,,,,,,,,,
170100.0,,,,,,,,,,,,,,
170101.0,,,,,,,,,,,,,,
170102.0,,,,,,,,,,,,,,
170103.0,,,,,,,,,,,,,,
170104.0,,,,,,,,,,,,,,
170105.0,,,,,,,,,,,,,,
170106.0,,,,,,,,,,,,,,
170107.0,,,,,,,,,,,,,,
170108.0,,,,,,,,,,,,,,
170109.0,,,,,,,,,,,,,,
170110.0,,,,,,,,,,,,,,
170111.0,,,,,,,,,,,,,,
170112.0,,,,,,,,,,,,,,
170113.0,,,,,,,,,,,,,,
170114.0,,,,,,,,,,,,,,
170115.0,,,,,,,,,,,,,,
170116.0,,,,,,,,,,,,,,
170117.0,,,,,,,,,,,,,,
170118.0,,,,,,,,,,,,,,
170119.0,,,,,,,,,,,,,,
170120.0,,,,,,,,,,,,,,
170121.0,,,,,,,,,,,,,,
170122.0,,,,,,,,,,,,,,
170123.0,,,,,,,,,,,,,,
170124.0,,,,,,,,,,,,,,
170125.0,,,,,,,,,,,,,,
170126.0,,,,,,,,,,,,,,
170127.0,,,,,,,,,,,,,,
170128.0,,,,,,,,,,,,,,
170129.0,,,,,,,,,,,,,,
170130.0,,,,,,,,,,,,,,
170131.0,,,,,,,,,,,,,,
170132.0,,,,,,,,,,,,,,
170133.0,,,,,,,,,,,,,,
170134.0,,,,,,,,,,,,,,
170135.0,,,,,,,,,,,,,,
170136.0,,,,,,,,,,,,,,
170137.0,,,,,,,,,,,,,,
170138.0,,,,,,,,,,,,,,
170139.0,,,,,,,,,,,,,,
170140.0,,,,,,,,,,,,,,
170141.0,,,,,,,,,,,,,,
170142.0,,,,,,,,,,,,,,
170143.0,,,,,,,,,,,,,,
170144.0,,,,,,,,,,,,,,
170145.0,,,,,,,,,,,,,,
170146.0,,,,,,,,,,,,,,
170147.0,,,,,,,,,,,,,,
170148.0,,,,,,,,,,,,,,
170149.0,,,,,,,,,,,,,,
170150.0,,,,,,,,,,,,,,
170151.0,,,,,,,,,,,,,,
170152.0,,,,,,,,,,,,,,
170153.0,,,,,,,,,,,,,,
170154.0,,,,,,,,,,,,,,
170155.0,,,,,,,,,,,,,,
170156.0,,,,,,,,,,,,,,
170157.0,,,,,,,,,,,,,,
170158.0,,,,,,,,,,,,,,
170159.0,,,,,,,,,,,,,,
170160.0,,,,,,,,,,,,,,
170161.0,,,,,,,,,,,,,,
170162.0,,,,,,,,,,,,,,
170163.0,,,,,,,,,,,,,,
170164.0,,,,,,,,,,,,,,
170165.0,,,,,,,,,,,,,,
170166.0,,,,,,,,,,,,,,
170167.0,,,,,,,,,,,,,,
170168.0,,,,,,,,,,,,,,
170169.0,,,,,,,,,,,,,,
170170.0,,,,,,,,,,,,,,
170171.0,,,,,,,,,,,,,,
170172.0,,,,,,,,,,,,,,
170173.0,,,,,,,,,,,,,,
170174.0,,,,,,,,,,,,,,
170175.0,,,,,,,,,,,,,,
170176.0,,,,,,,,,,,,,,
170177.0,,,,,,,,,,,,,,
170178.0,,,,,,,,,,,,,,
170179.0,,,,,,,,,,,,,,
170180.0,,,,,,,,,,,,,,
170181.0,,,,,,,,,,,,,,
170182.0,,,,,,,,,,,,,,
170183.0,,,,,,,,,,,,,,
170184.0,,,,,,,,,,,,,,
170185.0,,,,,,,,,,,,,,
170186.0,,,,,,,,,,,,,,
170187.0,,,,,,,,,,,,,,
170188.0,,,,,,,,,,,,,,
170189.0,,,,,,,,,,,,,,
170190.0,,,,,,,,,,,,,,
170191.0,,,,,,,,,,,,,,
170192.0,,,,,,,,,,,,,,
170193.0,,,,,,,,,,,,,,
170194.0,,,,,,,,,,,,,,
170195.0,,,,,,,,,,,,,,
170196.0,,,,,,,,,,,,,,
170197.0,,,,,,,,,,,,,,
170198.0,,,,,,,,,,,,,,
170199.0,,,,,,,,,,,,,,
170200.0,,,,,,,,,,,,,,
170201.0,,,,,,,,,,,,,,
170202.0,,,,,,,,,,,,,,
170203.0,,,,,,,,,,,,,,
170204.0,,,,,,,,,,,,,,
170205.0,,,,,,,,,,,,,,
170206.0,,,,,,,,,,,,,,
170207.0,,,,,,,,,,,,,,
170208.0,,,,,,,,,,,,,,
170209.0,,,,,,,,,,,,,,
170210.0,,,,,,,,,,,,,,
170211.0,,,,,,,,,,,,,,
170212.0,,,,,,,,,,,,,,
170213.0,,,,,,,,,,,,,,
170214.0,,,,,,,,,,,,,,
170215.0,,,,,,,,,,,,,,
170216.0,,,,,,,,,,,,,,
170217.0,,,,,,,,,,,,,,
170218.0,,,,,,,,,,,,,,
170219.0,,,,,,,,,,,,,,
170220.0,,,,,,,,,,,,,,
170221.0,,,,,,,,,,,,,,
170222.0,,,,,,,,,,,,,,
170223.0,,,,,,,,,,,,,,
170224.0,,,,,,,,,,,,,,
170225.0,,,,,,,,,,,,,,
170226.0,,,,,,,,,,,,,,
170227.0,,,,,,,,,,,,,,
170228.0,,,,,,,,,,,,,,
170229.0,,,,,,,,,,,,,,
170230.0,,,,,,,,,,,,,,
170231.0,,,,,,,,,,,,,,
170232.0,,,,,,,,,,,,,,
170233.0,,,,,,,,,,,,,,
170234.0,,,,,,,,,,,,,,
170235.0,,,,,,,,,,,,,,
170236.0,,,,,,,,,,,,,,
170237.0,,,,,,,,,,,,,,
170238.0,,,,,,,,,,,,,,
170239.0,,,,,,,,,,,,,,
170240.0,,,,,,,,,,,,,,
170241.0,,,,,,,,,,,,,,
170242.0,,,,,,,,,,,,,,
170243.0,,,,,,,,,,,,,,
170244.0,,,,,,,,,,,,,,
170245.0,,,,,,,,,,,,,,
170246.0,,,,,,,,,,,,,,
170247.0,,,,,,,,,,,,,,
170248.0,,,,,,,,,,,,,,
170249.0,,,,,,,,,,,,,,
170250.0,,,,,,,,,,,,,,
170251.0,,,,,,,,,,,,,,
170252.0,,,,,,,,,,,,,,
170253.0,,,,,,,,,,,,,,
170254.0,,,,,,,,,,,,,,
170255.0,,,,,,,,,,,,,,
170256.0,,,,,,,,,,,,,,
170257.0,,,,,,,,,,,,,,
170258.0,,,,,,,,,,,,,,
170259.0,,,,,,,,,,,,,,
170260.0,,,,,,,,,,,,,,
170261.0,,,,,,,,,,,,,,
170262.0,,,,,,,,,,,,,,
170263.0,,,,,,,,,,,,,,
170264.0,,,,,,,,,,,,,,
170265.0,,,,,,,,,,,,,,
170266.0,,,,,,,,,,,,,,
170267.0,,,,,,,,,,,,,,
170268.0,,,,,,,,,,,,,,
170269.0,,,,,,,,,,,,,,
170270.0,,,,,,,,,,,,,,
170271.0,,,,,,,,,,,,,,
170272.0,,,,,,,,,,,,,,
170273.0,,,,,,,,,,,,,,
170274.0,,,,,,,,,,,,,,
170275.0,,,,,,,,,,,,,,
170276.0,,,,,,,,,,,,,,
170277.0,,,,,,,,,,,,,,
170278.0,,,,,,,,,,,,,,
170279.0,,,,,,,,,,,,,,
170280.0,,,,,,,,,,,,,,
170281.0,,,,,,,,,,,,,,
170282.0,,,,,,,,,,,,,,
170283.0,,,,,,,,,,,,,,
170284.0,,,,,,,,,,,,,,
170285.0,,,,,,,,,,,,,,
170286.0,,,,,,,,,,,,,,
170287.0,,,,,,,,,,,,,,
170288.0,,,,,,,,,,,,,,
170289.0,,,,,,,,,,,,,,
170290.0,,,,,,,,,,,,,,
170291.0,,,,,,,,,,,,,,
170292.0,,,,,,,,,,,,,,
170293.0,,,,,,,,,,,,,,
170294.0,,,,,,,,,,,,,,
170295.0,,,,,,,,,,,,,,
170296.0,,,,,,,,,,,,,,
170297.0,,,,,,,,,,,,,,
170298.0,,,,,,,,,,,,,,
170299.0,,,,,,,,,,,,,,
170300.0,,,,,,,,,,,,,,
170301.0,,,,,,,,,,,,,,
170302.0,,,,,,,,,,,,,,
170303.0,,,,,,,,,,,,,,
170304.0,,,,,,,,,,,,,,
170305.0,,,,,,,,,,,,,,
170306.0,,,,,,,,,,,,,,
170307.0,,,,,,,,,,,,,,
170308.0,,,,,,,,,,,,,,
170309.0,,,,,,,,,,,,,,
170310.0,,,,,,,,,,,,,,
170311.0,,,,,,,,,,,,,,
170312.0,,,,,,,,,,,,,,
170313.0,,,,,,,,,,,,,,
170314.0,,,,,,,,,,,,,,
170315.0,,,,,,,,,,,,,,
170316.0,,,,,,,,,,,,,,
170317.0,,,,,,,,,,,,,,
170318.0,,,,,,,,,,,,,,
170319.0,,,,,,,,,,,,,,
170320.0,,,,,,,,,,,,,,
170321.0,,,,,,,,,,,,,,
170322.0,,,,,,,,,,,,,,
170323.0,,,,,,,,,,,,,,
170324.0,,,,,,,,,,,,,,
170325.0,,,,,,,,,,,,,,
170326.0,,,,,,,,,,,,,,
170327.0,,,,,,,,,,,,,,
170328.0,,,,,,,,,,,,,,
170329.0,,,,,,,,,,,,,,
170330.0,,,,,,,,,,,,,,
170331.0,,,,,,,,,,,,,,
170332.0,,,,,,,,,,,,,,
170333.0,,,,,,,,,,,,,,
170334.0,,,,,,,,,,,,,,
170335.0,,,,,,,,,,,,,,
170336.0,,,,,,,,,,,,,,
170337.0,,,,,,,,,,,,,,
170338.0,,,,,,,,,,,,,,
170339.0,,,,,,,,,,,,,,
170340.0,,,,,,,,,,,,,,
170341.0,,,,,,,,,,,,,,
170342.0,,,,,,,,,,,,,,
170343.0,,,,,,,,,,,,,,
170344.0,,,,,,,,,,,,,,
170345.0,,,,,,,,,,,,,,
170346.0,,,,,,,,,,,,,,
170347.0,,,,,,,,,,,,,,
170348.0,,,,,,,,,,,,,,
170349.0,,,,,,,,,,,,,,
170350.0,,,,,,,,,,,,,,
170351.0,,,,,,,,,,,,,,
170352.0,,,,,,,,,,,,,,
170353.0,,,,,,,,,,,,,,
170354.0,,,,,,,,,,,,,,
170355.0,,,,,,,,,,,,,,
170356.0,,,,,,,,,,,,,,
170357.0,,,,,,,,,,,,,,
170358.0,,,,,,,,,,,,,,
170359.0,,,,,,,,,,,,,,
170360.0,,,,,,,,,,,,,,
170361.0,,,,,,,,,,,,,,
170362.0,,,,,,,,,,,,,,
170363.0,,,,,,,,,,,,,,
170364.0,,,,,,,,,,,,,,
170365.0,,,,,,,,,,,,,,
170366.0,,,,,,,,,,,,,,
170367.0,,,,,,,,,,,,,,
170368.0,,,,,,,,,,,,,,
170369.0,,,,,,,,,,,,,,
170370.0,,,,,,,,,,,,,,
170371.0,,,,,,,,,,,,,,
170372.0,,,,,,,,,,,,,,
170373.0,,,,,,,,,,,,,,
170374.0,,,,,,,,,,,,,,
170375.0,,,,,,,,,,,,,,
170376.0,,,,,,,,,,,,,,
170377.0,,,,,,,,,,,,,,
170378.0,,,,,,,,,,,,,,
170379.0,,,,,,,,,,,,,,
170380.0,,,,,,,,,,,,,,
170381.0,,,,,,,,,,,,,,
170382.0,,,,,,,,,,,,,,
170383.0,,,,,,,,,,,,,,
170384.0,,,,,,,,,,,,,,
170385.0,,,,,,,,,,,,,,
170386.0,,,,,,,,,,,,,,
170387.0,,,,,,,,,,,,,,
170388.0,,,,,,,,,,,,,,
170389.0,,,,,,,,,,,,,,
170390.0,,,,,,,,,,,,,,
170391.0,,,,,,,,,,,,,,
170392.0,,,,,,,,,,,,,,
170393.0,,,,,,,,,,,,,,
170394.0,,,,,,,,,,,,,,
170395.0,,,,,,,,,,,,,,
170396.0,,,,,,,,,,,,,,
170397.0,,,,,,,,,,,,,,
170398.0,,,,,,,,,,,,,,
170399.0,,,,,,,,,,,,,,
170400.0,,,,,,,,,,,,,,
170401.0,,,,,,,,,,,,,,
170402.0,,,,,,,,,,,,,,
170403.0,,,,,,,,,,,,,,
170404.0,,,,,,,,,,,,,,
170405.0,,,,,,,,,,,,,,
170406.0,,,,,,,,,,,,,,
170407.0,,,,,,,,,,,,,,
170408.0,,,,,,,,,,,,,,
170409.0,,,,,,,,,,,,,,
170410.0,,,,,,,,,,,,,,
170411.0,,,,,,,,,,,,,,
170412.0,,,,,,,,,,,,,,
170413.0,,,,,,,,,,,,,,
170414.0,,,,,,,,,,,,,,
170415.0,,,,,,,,,,,,,,
170416.0,,,,,,,,,,,,,,
170417.0,,,,,,,,,,,,,,
170418.0,,,,,,,,,,,,,,
170419.0,,,,,,,,,,,,,,
170420.0,,,,,,,,,,,,,,
170421.0,,,,,,,,,,,,,,
170422.0,,,,,,,,,,,,,,
170423.0,,,,,,,,,,,,,,
170424.0,,,,,,,,,,,,,,
170425.0,,,,,,,,,,,,,,
170426.0,,,,,,,,,,,,,,
170427.0,,,,,,,,,,,,,,
170428.0,,,,,,,,,,,,,,
170429.0,,,,,,,,,,,,,,
170430.0,,,,,,,,,,,,,,
170431.0,,,,,,,,,,,,,,
170432.0,,,,,,,,,,,,,,
170433.0,,,,,,,,,,,,,,
170434.0,,,,,,,,,,,,,,
170435.0,,,,,,,,,,,,,,
170436.0,,,,,,,,,,,,,,
170437.0,,,,,,,,,,,,,,
170438.0,,,,,,,,,,,,,,
170439.0,,,,,,,,,,,,,,
170440.0,,,,,,,,,,,,,,
170441.0,,,,,,,,,,,,,,
170442.0,,,,,,,,,,,,,,
170443.0,,,,,,,,,,,,,,
170444.0,,,,,,,,,,,,,,
170445.0,,,,,,,,,,,,,,
170446.0,,,,,,,,,,,,,,
170447.0,,,,,,,,,,,,,,
170448.0,,,,,,,,,,,,,,
170449.0,,,,,,,,,,,,,,
170450.0,,,,,,,,,,,,,,
170451.0,,,,,,,,,,,,,,
170452.0,,,,,,,,,,,,,,
170453.0,,,,,,,,,,,,,,
170454.0,,,,,,,,,,,,,,
170455.0,,,,,,,,,,,,,,
170456.0,,,,,,,,,,,,,,
170457.0,,,,,,,,,,,,,,
170458.0,,,,,,,,,,,,,,
170459.0,,,,,,,,,,,,,,
170460.0,,,,,,,,,,,,,,
170461.0,,,,,,,,,,,,,,
170462.0,,,,,,,,,,,,,,
170463.0,,,,,,,,,,,,,,
170464.0,,,,,,,,,,,,,,
170465.0,,,,,,,,,,,,,,
170466.0,,,,,,,,,,,,,,
170467.0,,,,,,,,,,,,,,
170468.0,,,,,,,,,,,,,,
170469.0,,,,,,,,,,,,,,
170470.0,,,,,,,,,,,,,,
170471.0,,,,,,,,,,,,,,
170472.0,,,,,,,,,,,,,,
170473.0,,,,,,,,,,,,,,
170474.0,,,,,,,,,,,,,,
170475.0,,,,,,,,,,,,,,
170476.0,,,,,,,,,,,,,,
170477.0,,,,,,,,,,,,,,
170478.0,,,,,,,,,,,,,,
170479.0,,,,,,,,,,,,,,
170480.0,,,,,,,,,,,,,,
170481.0,,,,,,,,,,,,,,
170482.0,,,,,,,,,,,,,,
170483.0,,,,,,,,,,,,,,
170484.0,,,,,,,,,,,,,,
170485.0,,,,,,,,,,,,,,
170486.0,,,,,,,,,,,,,,
170487.0,,,,,,,,,,,,,,
170488.0,,,,,,,,,,,,,,
170489.0,,,,,,,,,,,,,,
170490.0,,,,,,,,,,,,,,
170491.0,,,,,,,,,,,,,,
170492.0,,,,,,,,,,,,,,
170493.0,,,,,,,,,,,,,,
170494.0,,,,,,,,,,,,,,
170495.0,,,,,,,,,,,,,,
170496.0,,,,,,,,,,,,,,
170497.0,,,,,,,,,,,,,,
170498.0,,,,,,,,,,,,,,
170499.0,,,,,,,,,,,,,,
170500.0,,,,,,,,,,,,,,
170501.0,,,,,,,,,,,,,,
170502.0,,,,,,,,,,,,,,
170503.0,,,,,,,,,,,,,,
170504.0,,,,,,,,,,,,,,
170505.0,,,,,,,,,,,,,,
170506.0,,,,,,,,,,,,,,
170507.0,,,,,,,,,,,,,,
170508.0,,,,,,,,,,,,,,
170509.0,,,,,,,,,,,,,,
170510.0,,,,,,,,,,,,,,
170511.0,,,,,,,,,,,,,,
170512.0,,,,,,,,,,,,,,
170513.0,,,,,,,,,,,,,,
170514.0,,,,,,,,,,,,,,
170515.0,,,,,,,,,,,,,,
170516.0,,,,,,,,,,,,,,
170517.0,,,,,,,,,,,,,,
170518.0,,,,,,,,,,,,,,
170519.0,,,,,,,,,,,,,,
170520.0,,,,,,,,,,,,,,
170521.0,,,,,,,,,,,,,,
170522.0,,,,,,,,,,,,,,
170523.0,,,,,,,,,,,,,,
170524.0,,,,,,,,,,,,,,
170525.0,,,,,,,,,,,,,,
170526.0,,,,,,,,,,,,,,
170527.0,,,,,,,,,,,,,,
170528.0,,,,,,,,,,,,,,
170529.0,,,,,,,,,,,,,,
170530.0,,,,,,,,,,,,,,
170531.0,,,,,,,,,,,,,,
170532.0,,,,,,,,,,,,,,
170533.0,,,,,,,,,,,,,,
170534.0,,,,,,,,,,,,,,
170535.0,,,,,,,,,,,,,,
170536.0,,,,,,,,,,,,,,
170537.0,,,,,,,,,,,,,,
170538.0,,,,,,,,,,,,,,
170539.0,,,,,,,,,,,,,,
170540.0,,,,,,,,,,,,,,
170541.0,,,,,,,,,,,,,,
170542.0,,,,,,,,,,,,,,
170543.0,,,,,,,,,,,,,,
170544.0,,,,,,,,,,,,,,
170545.0,,,,,,,,,,,,,,
170546.0,,,,,,,,,,,,,,
170547.0,,,,,,,,,,,,,,
170548.0,,,,,,,,,,,,,,
170549.0,,,,,,,,,,,,,,
170550.0,,,,,,,,,,,,,,
170551.0,,,,,,,,,,,,,,
170552.0,,,,,,,,,,,,,,
170553.0,,,,,,,,,,,,,,
170554.0,,,,,,,,,,,,,,
170555.0,,,,,,,,,,,,,,
170556.0,,,,,,,,,,,,,,
170557.0,,,,,,,,,,,,,,
170558.0,,,,,,,,,,,,,,
170559.0,,,,,,,,,,,,,,
170560.0,,,,,,,,,,,,,,
170561.0,,,,,,,,,,,,,,
170562.0,,,,,,,,,,,,,,
170563.0,,,,,,,,,,,,,,
170564.0,,,,,,,,,,,,,,
170565.0,,,,,,,,,,,,,,
170566.0,,,,,,,,,,,,,,
170567.0,,,,,,,,,,,,,,
170568.0,,,,,,,,,,,,,,
170569.0,,,,,,,,,,,,,,
170570.0,,,,,,,,,,,,,,
170571.0,,,,,,,,,,,,,,
170572.0,,,,,,,,,,,,,,
170573.0,,,,,,,,,,,,,,
170574.0,,,,,,,,,,,,,,
170575.0,,,,,,,,,,,,,,
170576.0,,,,,,,,,,,,,,
170577.0,,,,,,,,,,,,,,
170578.0,,,,,,,,,,,,,,
170579.0,,,,,,,,,,,,,,
170580.0,,,,,,,,,,,,,,
170581.0,,,,,,,,,,,,,,
170582.0,,,,,,,,,,,,,,
170583.0,,,,,,,,,,,,,,
170584.0,,,,,,,,,,,,,,
170585.0,,,,,,,,,,,,,,
170586.0,,,,,,,,,,,,,,
170587.0,,,,,,,,,,,,,,
170588.0,,,,,,,,,,,,,,
170589.0,,,,,,,,,,,,,,
170590.0,,,,,,,,,,,,,,
170591.0,,,,,,,,,,,,,,
170592.0,,,,,,,,,,,,,,
170593.0,,,,,,,,,,,,,,
170594.0,,,,,,,,,,,,,,
170595.0,,,,,,,,,,,,,,
170596.0,,,,,,,,,,,,,,
170597.0,,,,,,,,,,,,,,
170598.0,,,,,,,,,,,,,,
170599.0,,,,,,,,,,,,,,
170600.0,,,,,,,,,,,,,,
170601.0,,,,,,,,,,,,,,
170602.0,,,,,,,,,,,,,,
170603.0,,,,,,,,,,,,,,
170604.0,,,,,,,,,,,,,,
170605.0,,,,,,,,,,,,,,
170606.0,,,,,,,,,,,,,,
170607.0,,,,,,,,,,,,,,
170608.0,,,,,,,,,,,,,,
170609.0,,,,,,,,,,,,,,
170610.0,,,,,,,,,,,,,,
170611.0,,,,,,,,,,,,,,
170612.0,,,,,,,,,,,,,,
170613.0,,,,,,,,,,,,,,
170614.0,,,,,,,,,,,,,,
170615.0,,,,,,,,,,,,,,
170616.0,,,,,,,,,,,,,,
170617.0,,,,,,,,,,,,,,
170618.0,,,,,,,,,,,,,,
170619.0,,,,,,,,,,,,,,
170620.0,,,,,,,,,,,,,,
170621.0,,,,,,,,,,,,,,
170622.0,,,,,,,,,,,,,,
170623.0,,,,,,,,,,,,,,
170624.0,,,,,,,,,,,,,,
170625.0,,,,,,,,,,,,,,
170626.0,,,,,,,,,,,,,,
170627.0,,,,,,,,,,,,,,
170628.0,,,,,,,,,,,,,,
170629.0,,,,,,,,,,,,,,
170630.0,,,,,,,,,,,,,,
170631.0,,,,,,,,,,,,,,
170632.0,,,,,,,,,,,,,,
170633.0,,,,,,,,,,,,,,
170634.0,,,,,,,,,,,,,,
170635.0,,,,,,,,,,,,,,
170636.0,,,,,,,,,,,,,,
170637.0,,,,,,,,,,,,,,
170638.0,,,,,,,,,,,,,,
170639.0,,,,,,,,,,,,,,
170640.0,,,,,,,,,,,,,,
170641.0,,,,,,,,,,,,,,
170642.0,,,,,,,,,,,,,,
170643.0,,,,,,,,,,,,,,
170644.0,,,,,,,,,,,,,,
170645.0,,,,,,,,,,,,,,
170646.0,,,,,,,,,,,,,,
170647.0,,,,,,,,,,,,,,
170648.0,,,,,,,,,,,,,,
170649.0,,,,,,,,,,,,,,
170650.0,,,,,,,,,,,,,,
170651.0,,,,,,,,,,,,,,
170652.0,,,,,,,,,,,,,,
170653.0,,,,,,,,,,,,,,
170654.0,,,,,,,,,,,,,,
170655.0,,,,,,,,,,,,,,
170656.0,,,,,,,,,,,,,,
170657.0,,,,,,,,,,,,,,
170658.0,,,,,,,,,,,,,,
170659.0,,,,,,,,,,,,,,
170660.0,,,,,,,,,,,,,,
170661.0,,,,,,,,,,,,,,
170662.0,,,,,,,,,,,,,,
170663.0,,,,,,,,,,,,,,
170664.0,,,,,,,,,,,,,,
170665.0,,,,,,,,,,,,,,
170666.0,,,,,,,,,,,,,,
170667.0,,,,,,,,,,,,,,
170668.0,,,,,,,,,,,,,,
170669.0,,,,,,,,,,,,,,
170670.0,,,,,,,,,,,,,,
170671.0,,,,,,,,,,,,,,
170672.0,,,,,,,,,,,,,,
170673.0,,,,,,,,,,,,,,
170674.0,,,,,,,,,,,,,,
170675.0,,,,,,,,,,,,,,
170676.0,,,,,,,,,,,,,,
170677.0,,,,,,,,,,,,,,
170678.0,,,,,,,,,,,,,,
170679.0,,,,,,,,,,,,,,
170680.0,,,,,,,,,,,,,,
170681.0,,,,,,,,,,,,,,
170682.0,,,,,,,,,,,,,,
170683.0,,,,,,,,,,,,,,
170684.0,,,,,,,,,,,,,,
170685.0,,,,,,,,,,,,,,
170686.0,,,,,,,,,,,,,,
170687.0,,,,,,,,,,,,,,
170688.0,,,,,,,,,,,,,,
170689.0,,,,,,,,,,,,,,
170690.0,,,,,,,,,,,,,,
170691.0,,,,,,,,,,,,,,
170692.0,,,,,,,,,,,,,,
170693.0,,,,,,,,,,,,,,
170694.0,,,,,,,,,,,,,,
170695.0,,,,,,,,,,,,,,
170696.0,,,,,,,,,,,,,,
170697.0,,,,,,,,,,,,,,
170698.0,,,,,,,,,,,,,,
170699.0,,,,,,,,,,,,,,
170700.0,,,,,,,,,,,,,,
170701.0,,,,,,,,,,,,,,
170702.0,,,,,,,,,,,,,,
170703.0,,,,,,,,,,,,,,
170704.0,,,,,,,,,,,,,,
170705.0,,,,,,,,,,,,,,
170706.0,,,,,,,,,,,,,,
170707.0,,,,,,,,,,,,,,
170708.0,,,,,,,,,,,,,,
170709.0,,,,,,,,,,,,,,
170710.0,,,,,,,,,,,,,,
170711.0,,,,,,,,,,,,,,
170712.0,,,,,,,,,,,,,,
170713.0,,,,,,,,,,,,,,
170714.0,,,,,,,,,,,,,,
170715.0,,,,,,,,,,,,,,
170716.0,,,,,,,,,,,,,,
170717.0,,,,,,,,,,,,,,
170718.0,,,,,,,,,,,,,,
170719.0,,,,,,,,,,,,,,
170720.0,,,,,,,,,,,,,,
170721.0,,,,,,,,,,,,,,
170722.0,,,,,,,,,,,,,,
170723.0,,,,,,,,,,,,,,
170724.0,,,,,,,,,,,,,,
170725.0,,,,,,,,,,,,,,
170726.0,,,,,,,,,,,,,,
170727.0,,,,,,,,,,,,,,
170728.0,,,,,,,,,,,,,,
170729.0,,,,,,,,,,,,,,
170730.0,,,,,,,,,,,,,,
170731.0,,,,,,,,,,,,,,
170732.0,,,,,,,,,,,,,,
170733.0,,,,,,,,,,,,,,
170734.0,,,,,,,,,,,,,,
170735.0,,,,,,,,,,,,,,
170736.0,,,,,,,,,,,,,,
170737.0,,,,,,,,,,,,,,
170738.0,,,,,,,,,,,,,,
170739.0,,,,,,,,,,,,,,
170740.0,,,,,,,,,,,,,,
170741.0,,,,,,,,,,,,,,
170742.0,,,,,,,,,,,,,,
170743.0,,,,,,,,,,,,,,
170744.0,,,,,,,,,,,,,,
170745.0,,,,,,,,,,,,,,
170746.0,,,,,,,,,,,,,,
170747.0,,,,,,,,,,,,,,
170748.0,,,,,,,,,,,,,,
170749.0,,,,,,,,,,,,,,
170750.0,,,,,,,,,,,,,,
170751.0,,,,,,,,,,,,,,
170752.0,,,,,,,,,,,,,,
170753.0,,,,,,,,,,,,,,
170754.0,,,,,,,,,,,,,,
170755.0,,,,,,,,,,,,,,
170756.0,,,,,,,,,,,,,,
170757.0,,,,,,,,,,,,,,
170758.0,,,,,,,,,,,,,,
170759.0,,,,,,,,,,,,,,
170760.0,,,,,,,,,,,,,,
170761.0,,,,,,,,,,,,,,
170762.0,,,,,,,,,,,,,,
170763.0,,,,,,,,,,,,,,
170764.0,,,,,,,,,,,,,,
170765.0,,,,,,,,,,,,,,
170766.0,,,,,,,,,,,,,,
170767.0,,,,,,,,,,,,,,
170768.0,,,,,,,,,,,,,,
170769.0,,,,,,,,,,,,,,
170770.0,,,,,,,,,,,,,,
170771.0,,,,,,,,,,,,,,
170772.0,,,,,,,,,,,,,,
170773.0,,,,,,,,,,,,,,
170774.0,,,,,,,,,,,,,,
170775.0,,,,,,,,,,,,,,
170776.0,,,,,,,,,,,,,,
170777.0,,,,,,,,,,,,,,
170778.0,,,,,,,,,,,,,,
170779.0,,,,,,,,,,,,,,
170780.0,,,,,,,,,,,,,,
170781.0,,,,,,,,,,,,,,
170782.0,,,,,,,,,,,,,,
170783.0,,,,,,,,,,,,,,
170784.0,,,,,,,,,,,,,,
170785.0,,,,,,,,,,,,,,
170786.0,,,,,,,,,,,,,,
170787.0,,,,,,,,,,,,,,
170788.0,,,,,,,,,,,,,,
170789.0,,,,,,,,,,,,,,
170790.0,,,,,,,,,,,,,,
170791.0,,,,,,,,,,,,,,
170792.0,,,,,,,,,,,,,,
170793.0,,,,,,,,,,,,,,
170794.0,,,,,,,,,,,,,,
170795.0,,,,,,,,,,,,,,
170796.0,,,,,,,,,,,,,,
170797.0,,,,,,,,,,,,,,
170798.0,,,,,,,,,,,,,,
170799.0,,,,,,,,,,,,,,
170800.0,,,,,,,,,,,,,,
170801.0,,,,,,,,,,,,,,
170802.0,,,,,,,,,,,,,,
170803.0,,,,,,,,,,,,,,
170804.0,,,,,,,,,,,,,,
170805.0,,,,,,,,,,,,,,
170806.0,,,,,,,,,,,,,,
170807.0,,,,,,,,,,,,,,
170808.0,,,,,,,,,,,,,,
170809.0,,,,,,,,,,,,,,
170810.0,,,,,,,,,,,,,,
170811.0,,,,,,,,,,,,,,
170812.0,,,,,,,,,,,,,,
170813.0,,,,,,,,,,,,,,
170814.0,,,,,,,,,,,,,,
170815.0,,,,,,,,,,,,,,
170816.0,,,,,,,,,,,,,,
170817.0,,,,,,,,,,,,,,
170818.0,,,,,,,,,,,,,,
170819.0,,,,,,,,,,,,,,
170820.0,,,,,,,,,,,,,,
170821.0,,,,,,,,,,,,,,
170822.0,,,,,,,,,,,,,,
170823.0,,,,,,,,,,,,,,
170824.0,,,,,,,,,,,,,,
170825.0,,,,,,,,,,,,,,
170826.0,,,,,,,,,,,,,,
170827.0,,,,,,,,,,,,,,
170828.0,,,,,,,,,,,,,,
170829.0,,,,,,,,,,,,,,
170830.0,,,,,,,,,,,,,,
170831.0,,,,,,,,,,,,,,
170832.0,,,,,,,,,,,,,,
170833.0,,,,,,,,,,,,,,
170834.0,,,,,,,,,,,,,,
170835.0,,,,,,,,,,,,,,
170836.0,,,,,,,,,,,,,,
170837.0,,,,,,,,,,,,,,
170838.0,,,,,,,,,,,,,,
170839.0,,,,,,,,,,,,,,
170840.0,,,,,,,,,,,,,,
170841.0,,,,,,,,,,,,,,
170842.0,,,,,,,,,,,,,,
170843.0,,,,,,,,,,,,,,
170844.0,,,,,,,,,,,,,,
170845.0,,,,,,,,,,,,,,
170846.0,,,,,,,,,,,,,,
170847.0,,,,,,,,,,,,,,
170848.0,,,,,,,,,,,,,,
170849.0,,,,,,,,,,,,,,
170850.0,,,,,,,,,,,,,,
170851.0,,,,,,,,,,,,,,
170852.0,,,,,,,,,,,,,,
170853.0,,,,,,,,,,,,,,
170854.0,,,,,,,,,,,,,,
170855.0,,,,,,,,,,,,,,
170856.0,,,,,,,,,,,,,,
170857.0,,,,,,,,,,,,,,
170858.0,,,,,,,,,,,,,,
170859.0,,,,,,,,,,,,,,
170860.0,,,,,,,,,,,,,,
170861.0,,,,,,,,,,,,,,
170862.0,,,,,,,,,,,,,,
170863.0,,,,,,,,,,,,,,
170864.0,,,,,,,,,,,,,,
170865.0,,,,,,,,,,,,,,
170866.0,,,,,,,,,,,,,,
170867.0,,,,,,,,,,,,,,
170868.0,,,,,,,,,,,,,,
170869.0,,,,,,,,,,,,,,
170870.0,,,,,,,,,,,,,,
170871.0,,,,,,,,,,,,,,
170872.0,,,,,,,,,,,,,,
170873.0,,,,,,,,,,,,,,
170874.0,,,,,,,,,,,,,,
170875.0,,,,,,,,,,,,,,
170876.0,,,,,,,,,,,,,,
170877.0,,,,,,,,,,,,,,
170878.0,,,,,,,,,,,,,,
170879.0,,,,,,,,,,,,,,
170880.0,,,,,,,,,,,,,,
170881.0,,,,,,,,,,,,,,
170882.0,,,,,,,,,,,,,,
170883.0,,,,,,,,,,,,,,
170884.0,,,,,,,,,,,,,,
170885.0,,,,,,,,,,,,,,
170886.0,,,,,,,,,,,,,,
170887.0,,,,,,,,,,,,,,
170888.0,,,,,,,,,,,,,,
170889.0,,,,,,,,,,,,,,
170890.0,,,,,,,,,,,,,,
170891.0,,,,,,,,,,,,,,
170892.0,,,,,,,,,,,,,,
170893.0,,,,,,,,,,,,,,
170894.0,,,,,,,,,,,,,,
170895.0,,,,,,,,,,,,,,
170896.0,,,,,,,,,,,,,,
170897.0,,,,,,,,,,,,,,
170898.0,,,,,,,,,,,,,,
170899.0,,,,,,,,,,,,,,
170900.0,,,,,,,,,,,,,,
170901.0,,,,,,,,,,,,,,
170902.0,,,,,,,,,,,,,,
170903.0,,,,,,,,,,,,,,
170904.0,,,,,,,,,,,,,,
170905.0,,,,,,,,,,,,,,
170906.0,,,,,,,,,,,,,,
170907.0,,,,,,,,,,,,,,
170908.0,,,,,,,,,,,,,,
170909.0,,,,,,,,,,,,,,
170910.0,,,,,,,,,,,,,,
170911.0,,,,,,,,,,,,,,
170912.0,,,,,,,,,,,,,,
170913.0,,,,,,,,,,,,,,
170914.0,,,,,,,,,,,,,,
170915.0,,,,,,,,,,,,,,
170916.0,,,,,,,,,,,,,,
170917.0,,,,,,,,,,,,,,
170918.0,,,,,,,,,,,,,,
170919.0,,,,,,,,,,,,,,
170920.0,,,,,,,,,,,,,,
170921.0,,,,,,,,,,,,,,
170922.0,,,,,,,,,,,,,,
170923.0,,,,,,,,,,,,,,
170924.0,,,,,,,,,,,,,,
170925.0,,,,,,,,,,,,,,
170926.0,,,,,,,,,,,,,,
170927.0,,,,,,,,,,,,,,
170928.0,,,,,,,,,,,,,,
170929.0,,,,,,,,,,,,,,
170930.0,,,,,,,,,,,,,,
170931.0,,,,,,,,,,,,,,
170932.0,,,,,,,,,,,,,,
170933.0,,,,,,,,,,,,,,
170934.0,,,,,,,,,,,,,,
170935.0,,,,,,,,,,,,,,
170936.0,,,,,,,,,,,,,,
170937.0,,,,,,,,,,,,,,
170938.0,,,,,,,,,,,,,,
170939.0,,,,,,,,,,,,,,
170940.0,,,,,,,,,,,,,,
170941.0,,,,,,,,,,,,,,
170942.0,,,,,,,,,,,,,,
170943.0,,,,,,,,,,,,,,
170944.0,,,,,,,,,,,,,,
170945.0,,,,,,,,,,,,,,
170946.0,,,,,,,,,,,,,,
170947.0,,,,,,,,,,,,,,
170948.0,,,,,,,,,,,,,,
170949.0,,,,,,,,,,,,,,
170950.0,,,,,,,,,,,,,,
170951.0,,,,,,,,,,,,,,
170952.0,,,,,,,,,,,,,,
170953.0,,,,,,,,,,,,,,
170954.0,,,,,,,,,,,,,,
170955.0,,,,,,,,,,,,,,
170956.0,,,,,,,,,,,,,,
170957.0,,,,,,,,,,,,,,
170958.0,,,,,,,,,,,,,,
170959.0,,,,,,,,,,,,,,
170960.0,,,,,,,,,,,,,,
170961.0,,,,,,,,,,,,,,
170962.0,,,,,,,,,,,,,,
170963.0,,,,,,,,,,,,,,
170964.0,,,,,,,,,,,,,,
170965.0,,,,,,,,,,,,,,
170966.0,,,,,,,,,,,,,,
170967.0,,,,,,,,,,,,,,
170968.0,,,,,,,,,,,,,,
170969.0,,,,,,,,,,,,,,
170970.0,,,,,,,,,,,,,,
170971.0,,,,,,,,,,,,,,
170972.0,,,,,,,,,,,,,,
170973.0,,,,,,,,,,,,,,
170974.0,,,,,,,,,,,,,,
170975.0,,,,,,,,,,,,,,
170976.0,,,,,,,,,,,,,,
170977.0,,,,,,,,,,,,,,
170978.0,,,,,,,,,,,,,,
170979.0,,,,,,,,,,,,,,
170980.0,,,,,,,,,,,,,,
170981.0,,,,,,,,,,,,,,
170982.0,,,,,,,,,,,,,,
170983.0,,,,,,,,,,,,,,
170984.0,,,,,,,,,,,,,,
170985.0,,,,,,,,,,,,,,
170986.0,,,,,,,,,,,,,,
170987.0,,,,,,,,,,,,,,
170988.0,,,,,,,,,,,,,,
170989.0,,,,,,,,,,,,,,
170990.0,,,,,,,,,,,,,,
170991.0,,,,,,,,,,,,,,
170992.0,,,,,,,,,,,,,,
170993.0,,,,,,,,,,,,,,
170994.0,,,,,,,,,,,,,,
170995.0,,,,,,,,,,,,,,
170996.0,,,,,,,,,,,,,,
170997.0,,,,,,,,,,,,,,
170998.0,,,,,,,,,,,,,,
170999.0,,,,,,,,,,,,,,
171000.0,,,,,,,,,,,,,,
171001.0,,,,,,,,,,,,,,
171002.0,,,,,,,,,,,,,,
171003.0,,,,,,,,,,,,,,
171004.0,,,,,,,,,,,,,,
171005.0,,,,,,,,,,,,,,
171006.0,,,,,,,,,,,,,,
171007.0,,,,,,,,,,,,,,
171008.0,,,,,,,,,,,,,,
171009.0,,,,,,,,,,,,,,
171010.0,,,,,,,,,,,,,,
171011.0,,,,,,,,,,,,,,
171012.0,,,,,,,,,,,,,,
171013.0,,,,,,,,,,,,,,
171014.0,,,,,,,,,,,,,,
171015.0,,,,,,,,,,,,,,
171016.0,,,,,,,,,,,,,,
171017.0,,,,,,,,,,,,,,
171018.0,,,,,,,,,,,,,,
171019.0,,,,,,,,,,,,,,
171020.0,,,,,,,,,,,,,,
171021.0,,,,,,,,,,,,,,
171022.0,,,,,,,,,,,,,,
171023.0,,,,,,,,,,,,,,
171024.0,,,,,,,,,,,,,,
171025.0,,,,,,,,,,,,,,
171026.0,,,,,,,,,,,,,,
171027.0,,,,,,,,,,,,,,
171028.0,,,,,,,,,,,,,,
171029.0,,,,,,,,,,,,,,
171030.0,,,,,,,,,,,,,,
171031.0,,,,,,,,,,,,,,
171032.0,,,,,,,,,,,,,,
171033.0,,,,,,,,,,,,,,
171034.0,,,,,,,,,,,,,,
171035.0,,,,,,,,,,,,,,
171036.0,,,,,,,,,,,,,,
171037.0,,,,,,,,,,,,,,
171038.0,,,,,,,,,,,,,,
171039.0,,,,,,,,,,,,,,
171040.0,,,,,,,,,,,,,,
171041.0,,,,,,,,,,,,,,
171042.0,,,,,,,,,,,,,,
171043.0,,,,,,,,,,,,,,
171044.0,,,,,,,,,,,,,,
171045.0,,,,,,,,,,,,,,
171046.0,,,,,,,,,,,,,,
171047.0,,,,,,,,,,,,,,
171048.0,,,,,,,,,,,,,,
171049.0,,,,,,,,,,,,,,
171050.0,,,,,,,,,,,,,,
171051.0,,,,,,,,,,,,,,
171052.0,,,,,,,,,,,,,,
171053.0,,,,,,,,,,,,,,
171054.0,,,,,,,,,,,,,,
171055.0,,,,,,,,,,,,,,
171056.0,,,,,,,,,,,,,,
171057.0,,,,,,,,,,,,,,
171058.0,,,,,,,,,,,,,,
171059.0,,,,,,,,,,,,,,
171060.0,,,,,,,,,,,,,,
171061.0,,,,,,,,,,,,,,
171062.0,,,,,,,,,,,,,,
171063.0,,,,,,,,,,,,,,
171064.0,,,,,,,,,,,,,,
171065.0,,,,,,,,,,,,,,
171066.0,,,,,,,,,,,,,,
171067.0,,,,,,,,,,,,,,
171068.0,,,,,,,,,,,,,,
171069.0,,,,,,,,,,,,,,
171070.0,,,,,,,,,,,,,,
171071.0,,,,,,,,,,,,,,
171072.0,,,,,,,,,,,,,,
171073.0,,,,,,,,,,,,,,
171074.0,,,,,,,,,,,,,,
171075.0,,,,,,,,,,,,,,
171076.0,,,,,,,,,,,,,,
171077.0,,,,,,,,,,,,,,
171078.0,,,,,,,,,,,,,,
171079.0,,,,,,,,,,,,,,
171080.0,,,,,,,,,,,,,,
171081.0,,,,,,,,,,,,,,
171082.0,,,,,,,,,,,,,,
171083.0,,,,,,,,,,,,,,
171084.0,,,,,,,,,,,,,,
171085.0,,,,,,,,,,,,,,
171086.0,,,,,,,,,,,,,,
171087.0,,,,,,,,,,,,,,
171088.0,,,,,,,,,,,,,,
171089.0,,,,,,,,,,,,,,
171090.0,,,,,,,,,,,,,,
171091.0,,,,,,,,,,,,,,
171092.0,,,,,,,,,,,,,,
171093.0,,,,,,,,,,,,,,
171094.0,,,,,,,,,,,,,,
171095.0,,,,,,,,,,,,,,
171096.0,,,,,,,,,,,,,,
171097.0,,,,,,,,,,,,,,
171098.0,,,,,,,,,,,,,,
171099.0,,,,,,,,,,,,,,
171100.0,,,,,,,,,,,,,,
171101.0,,,,,,,,,,,,,,
171102.0,,,,,,,,,,,,,,
171103.0,,,,,,,,,,,,,,
171104.0,,,,,,,,,,,,,,
171105.0,,,,,,,,,,,,,,
171106.0,,,,,,,,,,,,,,
171107.0,,,,,,,,,,,,,,
171108.0,,,,,,,,,,,,,,
171109.0,,,,,,,,,,,,,,
171110.0,,,,,,,,,,,,,,
171111.0,,,,,,,,,,,,,,
171112.0,,,,,,,,,,,,,,
171113.0,,,,,,,,,,,,,,
171114.0,,,,,,,,,,,,,,
171115.0,,,,,,,,,,,,,,
171116.0,,,,,,,,,,,,,,
171117.0,,,,,,,,,,,,,,
171118.0,,,,,,,,,,,,,,
171119.0,,,,,,,,,,,,,,
171120.0,,,,,,,,,,,,,,
171121.0,,,,,,,,,,,,,,
171122.0,,,,,,,,,,,,,,
171123.0,,,,,,,,,,,,,,
171124.0,,,,,,,,,,,,,,
171125.0,,,,,,,,,,,,,,
171126.0,,,,,,,,,,,,,,
171127.0,,,,,,,,,,,,,,
171128.0,,,,,,,,,,,,,,
171129.0,,,,,,,,,,,,,,
171130.0,,,,,,,,,,,,,,
171131.0,,,,,,,,,,,,,,
171132.0,,,,,,,,,,,,,,
171133.0,,,,,,,,,,,,,,
171134.0,,,,,,,,,,,,,,
171135.0,,,,,,,,,,,,,,
171136.0,,,,,,,,,,,,,,
171137.0,,,,,,,,,,,,,,
171138.0,,,,,,,,,,,,,,
171139.0,,,,,,,,,,,,,,
171140.0,,,,,,,,,,,,,,
171141.0,,,,,,,,,,,,,,
171142.0,,,,,,,,,,,,,,
171143.0,,,,,,,,,,,,,,
171144.0,,,,,,,,,,,,,,
171145.0,,,,,,,,,,,,,,
171146.0,,,,,,,,,,,,,,
171147.0,,,,,,,,,,,,,,
171148.0,,,,,,,,,,,,,,
171149.0,,,,,,,,,,,,,,
171150.0,,,,,,,,,,,,,,
171151.0,,,,,,,,,,,,,,
171152.0,,,,,,,,,,,,,,
171153.0,,,,,,,,,,,,,,
171154.0,,,,,,,,,,,,,,
171155.0,,,,,,,,,,,,,,
171156.0,,,,,,,,,,,,,,
171157.0,,,,,,,,,,,,,,
171158.0,,,,,,,,,,,,,,
171159.0,,,,,,,,,,,,,,
171160.0,,,,,,,,,,,,,,
171161.0,,,,,,,,,,,,,,
171162.0,,,,,,,,,,,,,,
171163.0,,,,,,,,,,,,,,
171164.0,,,,,,,,,,,,,,
171165.0,,,,,,,,,,,,,,
171166.0,,,,,,,,,,,,,,
171167.0,,,,,,,,,,,,,,
171168.0,,,,,,,,,,,,,,
171169.0,,,,,,,,,,,,,,
171170.0,,,,,,,,,,,,,,
171171.0,,,,,,,,,,,,,,
171172.0,,,,,,,,,,,,,,
171173.0,,,,,,,,,,,,,,
171174.0,,,,,,,,,,,,,,
171175.0,,,,,,,,,,,,,,
171176.0,,,,,,,,,,,,,,
171177.0,,,,,,,,,,,,,,
171178.0,,,,,,,,,,,,,,
171179.0,,,,,,,,,,,,,,
171180.0,,,,,,,,,,,,,,
171181.0,,,,,,,,,,,,,,
171182.0,,,,,,,,,,,,,,
171183.0,,,,,,,,,,,,,,
171184.0,,,,,,,,,,,,,,
171185.0,,,,,,,,,,,,,,
171186.0,,,,,,,,,,,,,,
171187.0,,,,,,,,,,,,,,
171188.0,,,,,,,,,,,,,,
171189.0,,,,,,,,,,,,,,
171190.0,,,,,,,,,,,,,,
171191.0,,,,,,,,,,,,,,
171192.0,,,,,,,,,,,,,,
171193.0,,,,,,,,,,,,,,
171194.0,,,,,,,,,,,,,,
171195.0,,,,,,,,,,,,,,
171196.0,,,,,,,,,,,,,,
171197.0,,,,,,,,,,,,,,
171198.0,,,,,,,,,,,,,,
171199.0,,,,,,,,,,,,,,
171200.0,,,,,,,,,,,,,,
171201.0,,,,,,,,,,,,,,
171202.0,,,,,,,,,,,,,,
171203.0,,,,,,,,,,,,,,
171204.0,,,,,,,,,,,,,,
171205.0,,,,,,,,,,,,,,
171206.0,,,,,,,,,,,,,,
171207.0,,,,,,,,,,,,,,
171208.0,,,,,,,,,,,,,,
171209.0,,,,,,,,,,,,,,
171210.0,,,,,,,,,,,,,,
171211.0,,,,,,,,,,,,,,
171212.0,,,,,,,,,,,,,,
171213.0,,,,,,,,,,,,,,
171214.0,,,,,,,,,,,,,,
171215.0,,,,,,,,,,,,,,
171216.0,,,,,,,,,,,,,,
171217.0,,,,,,,,,,,,,,
171218.0,,,,,,,,,,,,,,
171219.0,,,,,,,,,,,,,,
171220.0,,,,,,,,,,,,,,
171221.0,,,,,,,,,,,,,,
171222.0,,,,,,,,,,,,,,
171223.0,,,,,,,,,,,,,,
171224.0,,,,,,,,,,,,,,
171225.0,,,,,,,,,,,,,,
171226.0,,,,,,,,,,,,,,
171227.0,,,,,,,,,,,,,,
171228.0,,,,,,,,,,,,,,
171229.0,,,,,,,,,,,,,,
171230.0,,,,,,,,,,,,,,
171231.0,,,,,,,,,,,,,,
171232.0,,,,,,,,,,,,,,
171233.0,,,,,,,,,,,,,,
171234.0,,,,,,,,,,,,,,
171235.0,,,,,,,,,,,,,,
171236.0,,,,,,,,,,,,,,
171237.0,,,,,,,,,,,,,,
171238.0,,,,,,,,,,,,,,
171239.0,,,,,,,,,,,,,,
171240.0,,,,,,,,,,,,,,
171241.0,,,,,,,,,,,,,,
171242.0,,,,,,,,,,,,,,
171243.0,,,,,,,,,,,,,,
171244.0,,,,,,,,,,,,,,
171245.0,,,,,,,,,,,,,,
171246.0,,,,,,,,,,,,,,
171247.0,,,,,,,,,,,,,,
171248.0,,,,,,,,,,,,,,
171249.0,,,,,,,,,,,,,,
171250.0,,,,,,,,,,,,,,
171251.0,,,,,,,,,,,,,,
171252.0,,,,,,,,,,,,,,
171253.0,,,,,,,,,,,,,,
171254.0,,,,,,,,,,,,,,
171255.0,,,,,,,,,,,,,,
171256.0,,,,,,,,,,,,,,
171257.0,,,,,,,,,,,,,,
171258.0,,,,,,,,,,,,,,
171259.0,,,,,,,,,,,,,,
171260.0,,,,,,,,,,,,,,
171261.0,,,,,,,,,,,,,,
171262.0,,,,,,,,,,,,,,
171263.0,,,,,,,,,,,,,,
171264.0,,,,,,,,,,,,,,
171265.0,,,,,,,,,,,,,,
171266.0,,,,,,,,,,,,,,
171267.0,,,,,,,,,,,,,,
171268.0,,,,,,,,,,,,,,
171269.0,,,,,,,,,,,,,,
171270.0,,,,,,,,,,,,,,
171271.0,,,,,,,,,,,,,,
171272.0,,,,,,,,,,,,,,
171273.0,,,,,,,,,,,,,,
171274.0,,,,,,,,,,,,,,
171275.0,,,,,,,,,,,,,,
171276.0,,,,,,,,,,,,,,
171277.0,,,,,,,,,,,,,,
171278.0,,,,,,,,,,,,,,
171279.0,,,,,,,,,,,,,,
171280.0,,,,,,,,,,,,,,
171281.0,,,,,,,,,,,,,,
171282.0,,,,,,,,,,,,,,
171283.0,,,,,,,,,,,,,,
171284.0,,,,,,,,,,,,,,
171285.0,,,,,,,,,,,,,,
171286.0,,,,,,,,,,,,,,
171287.0,,,,,,,,,,,,,,
171288.0,,,,,,,,,,,,,,
171289.0,,,,,,,,,,,,,,
171290.0,,,,,,,,,,,,,,
171291.0,,,,,,,,,,,,,,
171292.0,,,,,,,,,,,,,,
171293.0,,,,,,,,,,,,,,
171294.0,,,,,,,,,,,,,,
171295.0,,,,,,,,,,,,,,
171296.0,,,,,,,,,,,,,,
171297.0,,,,,,,,,,,,,,
171298.0,,,,,,,,,,,,,,
171299.0,,,,,,,,,,,,,,
171300.0,,,,,,,,,,,,,,
171301.0,,,,,,,,,,,,,,
171302.0,,,,,,,,,,,,,,
171303.0,,,,,,,,,,,,,,
171304.0,,,,,,,,,,,,,,
171305.0,,,,,,,,,,,,,,
171306.0,,,,,,,,,,,,,,
171307.0,,,,,,,,,,,,,,
171308.0,,,,,,,,,,,,,,
171309.0,,,,,,,,,,,,,,
171310.0,,,,,,,,,,,,,,
171311.0,,,,,,,,,,,,,,
171312.0,,,,,,,,,,,,,,
171313.0,,,,,,,,,,,,,,
171314.0,,,,,,,,,,,,,,
171315.0,,,,,,,,,,,,,,
171316.0,,,,,,,,,,,,,,
171317.0,,,,,,,,,,,,,,
171318.0,,,,,,,,,,,,,,
171319.0,,,,,,,,,,,,,,
171320.0,,,,,,,,,,,,,,
171321.0,,,,,,,,,,,,,,
171322.0,,,,,,,,,,,,,,
171323.0,,,,,,,,,,,,,,
171324.0,,,,,,,,,,,,,,
171325.0,,,,,,,,,,,,,,
171326.0,,,,,,,,,,,,,,
171327.0,,,,,,,,,,,,,,
171328.0,,,,,,,,,,,,,,
171329.0,,,,,,,,,,,,,,
171330.0,,,,,,,,,,,,,,
171331.0,,,,,,,,,,,,,,
171332.0,,,,,,,,,,,,,,
171333.0,,,,,,,,,,,,,,
171334.0,,,,,,,,,,,,,,
171335.0,,,,,,,,,,,,,,
171336.0,,,,,,,,,,,,,,
171337.0,,,,,,,,,,,,,,
171338.0,,,,,,,,,,,,,,
171339.0,,,,,,,,,,,,,,
171340.0,,,,,,,,,,,,,,
171341.0,,,,,,,,,,,,,,
171342.0,,,,,,,,,,,,,,
171343.0,,,,,,,,,,,,,,
171344.0,,,,,,,,,,,,,,
171345.0,,,,,,,,,,,,,,
171346.0,,,,,,,,,,,,,,
171347.0,,,,,,,,,,,,,,
171348.0,,,,,,,,,,,,,,
171349.0,,,,,,,,,,,,,,
171350.0,,,,,,,,,,,,,,
171351.0,,,,,,,,,,,,,,
171352.0,,,,,,,,,,,,,,
171353.0,,,,,,,,,,,,,,
171354.0,,,,,,,,,,,,,,
171355.0,,,,,,,,,,,,,,
171356.0,,,,,,,,,,,,,,
171357.0,,,,,,,,,,,,,,
171358.0,,,,,,,,,,,,,,
171359.0,,,,,,,,,,,,,,
171360.0,,,,,,,,,,,,,,
171361.0,,,,,,,,,,,,,,
171362.0,,,,,,,,,,,,,,
171363.0,,,,,,,,,,,,,,
171364.0,,,,,,,,,,,,,,
171365.0,,,,,,,,,,,,,,
171366.0,,,,,,,,,,,,,,
171367.0,,,,,,,,,,,,,,
171368.0,,,,,,,,,,,,,,
171369.0,,,,,,,,,,,,,,
171370.0,,,,,,,,,,,,,,
171371.0,,,,,,,,,,,,,,
171372.0,,,,,,,,,,,,,,
171373.0,,,,,,,,,,,,,,
171374.0,,,,,,,,,,,,,,
171375.0,,,,,,,,,,,,,,
171376.0,,,,,,,,,,,,,,
171377.0,,,,,,,,,,,,,,
171378.0,,,,,,,,,,,,,,
171379.0,,,,,,,,,,,,,,
171380.0,,,,,,,,,,,,,,
171381.0,,,,,,,,,,,,,,
171382.0,,,,,,,,,,,,,,
171383.0,,,,,,,,,,,,,,
171384.0,,,,,,,,,,,,,,
171385.0,,,,,,,,,,,,,,
171386.0,,,,,,,,,,,,,,
171387.0,,,,,,,,,,,,,,
171388.0,,,,,,,,,,,,,,
171389.0,,,,,,,,,,,,,,
171390.0,,,,,,,,,,,,,,
171391.0,,,,,,,,,,,,,,
171392.0,,,,,,,,,,,,,,
171393.0,,,,,,,,,,,,,,
171394.0,,,,,,,,,,,,,,
171395.0,,,,,,,,,,,,,,
171396.0,,,,,,,,,,,,,,
171397.0,,,,,,,,,,,,,,
171398.0,,,,,,,,,,,,,,
171399.0,,,,,,,,,,,,,,
171400.0,,,,,,,,,,,,,,
171401.0,,,,,,,,,,,,,,
171402.0,,,,,,,,,,,,,,
171403.0,,,,,,,,,,,,,,
171404.0,,,,,,,,,,,,,,
171405.0,,,,,,,,,,,,,,
171406.0,,,,,,,,,,,,,,
171407.0,,,,,,,,,,,,,,
171408.0,,,,,,,,,,,,,,
171409.0,,,,,,,,,,,,,,
171410.0,,,,,,,,,,,,,,
171411.0,,,,,,,,,,,,,,
171412.0,,,,,,,,,,,,,,
171413.0,,,,,,,,,,,,,,
171414.0,,,,,,,,,,,,,,
171415.0,,,,,,,,,,,,,,
171416.0,,,,,,,,,,,,,,
171417.0,,,,,,,,,,,,,,
171418.0,,,,,,,,,,,,,,
171419.0,,,,,,,,,,,,,,
171420.0,,,,,,,,,,,,,,
171421.0,,,,,,,,,,,,,,
171422.0,,,,,,,,,,,,,,
171423.0,,,,,,,,,,,,,,
171424.0,,,,,,,,,,,,,,
171425.0,,,,,,,,,,,,,,
171426.0,,,,,,,,,,,,,,
171427.0,,,,,,,,,,,,,,
171428.0,,,,,,,,,,,,,,
171429.0,,,,,,,,,,,,,,
171430.0,,,,,,,,,,,,,,
171431.0,,,,,,,,,,,,,,
171432.0,,,,,,,,,,,,,,
171433.0,,,,,,,,,,,,,,
171434.0,,,,,,,,,,,,,,
171435.0,,,,,,,,,,,,,,
171436.0,,,,,,,,,,,,,,
171437.0,,,,,,,,,,,,,,
171438.0,,,,,,,,,,,,,,
171439.0,,,,,,,,,,,,,,
171440.0,,,,,,,,,,,,,,
171441.0,,,,,,,,,,,,,,
171442.0,,,,,,,,,,,,,,
171443.0,,,,,,,,,,,,,,
171444.0,,,,,,,,,,,,,,
171445.0,,,,,,,,,,,,,,
171446.0,,,,,,,,,,,,,,
171447.0,,,,,,,,,,,,,,
171448.0,,,,,,,,,,,,,,
171449.0,,,,,,,,,,,,,,
171450.0,,,,,,,,,,,,,,
171451.0,,,,,,,,,,,,,,
171452.0,,,,,,,,,,,,,,
171453.0,,,,,,,,,,,,,,
171454.0,,,,,,,,,,,,,,
171455.0,,,,,,,,,,,,,,
171456.0,,,,,,,,,,,,,,
171457.0,,,,,,,,,,,,,,
171458.0,,,,,,,,,,,,,,
171459.0,,,,,,,,,,,,,,
171460.0,,,,,,,,,,,,,,
171461.0,,,,,,,,,,,,,,
171462.0,,,,,,,,,,,,,,
171463.0,,,,,,,,,,,,,,
171464.0,,,,,,,,,,,,,,
171465.0,,,,,,,,,,,,,,
171466.0,,,,,,,,,,,,,,
171467.0,,,,,,,,,,,,,,
171468.0,,,,,,,,,,,,,,
171469.0,,,,,,,,,,,,,,
171470.0,,,,,,,,,,,,,,
171471.0,,,,,,,,,,,,,,
171472.0,,,,,,,,,,,,,,
171473.0,,,,,,,,,,,,,,
171474.0,,,,,,,,,,,,,,
171475.0,,,,,,,,,,,,,,
171476.0,,,,,,,,,,,,,,
171477.0,,,,,,,,,,,,,,
171478.0,,,,,,,,,,,,,,
171479.0,,,,,,,,,,,,,,
171480.0,,,,,,,,,,,,,,
171481.0,,,,,,,,,,,,,,
171482.0,,,,,,,,,,,,,,
171483.0,,,,,,,,,,,,,,
171484.0,,,,,,,,,,,,,,
171485.0,,,,,,,,,,,,,,
171486.0,,,,,,,,,,,,,,
171487.0,,,,,,,,,,,,,,
171488.0,,,,,,,,,,,,,,
171489.0,,,,,,,,,,,,,,
171490.0,,,,,,,,,,,,,,
171491.0,,,,,,,,,,,,,,
171492.0,,,,,,,,,,,,,,
171493.0,,,,,,,,,,,,,,
171494.0,,,,,,,,,,,,,,
171495.0,,,,,,,,,,,,,,
171496.0,,,,,,,,,,,,,,
171497.0,,,,,,,,,,,,,,
171498.0,,,,,,,,,,,,,,
171499.0,,,,,,,,,,,,,,
171500.0,,,,,,,,,,,,,,
171501.0,,,,,,,,,,,,,,
171502.0,,,,,,,,,,,,,,
171503.0,,,,,,,,,,,,,,
171504.0,,,,,,,,,,,,,,
171505.0,,,,,,,,,,,,,,
171506.0,,,,,,,,,,,,,,
171507.0,,,,,,,,,,,,,,
171508.0,,,,,,,,,,,,,,
171509.0,,,,,,,,,,,,,,
171510.0,,,,,,,,,,,,,,
171511.0,,,,,,,,,,,,,,
171512.0,,,,,,,,,,,,,,
171513.0,,,,,,,,,,,,,,
171514.0,,,,,,,,,,,,,,
171515.0,,,,,,,,,,,,,,
171516.0,,,,,,,,,,,,,,
171517.0,,,,,,,,,,,,,,
171518.0,,,,,,,,,,,,,,
171519.0,,,,,,,,,,,,,,
171520.0,,,,,,,,,,,,,,
171521.0,,,,,,,,,,,,,,
171522.0,,,,,,,,,,,,,,
171523.0,,,,,,,,,,,,,,
171524.0,,,,,,,,,,,,,,
171525.0,,,,,,,,,,,,,,
171526.0,,,,,,,,,,,,,,
171527.0,,,,,,,,,,,,,,
171528.0,,,,,,,,,,,,,,
171529.0,,,,,,,,,,,,,,
171530.0,,,,,,,,,,,,,,
171531.0,,,,,,,,,,,,,,
171532.0,,,,,,,,,,,,,,
171533.0,,,,,,,,,,,,,,
171534.0,,,,,,,,,,,,,,
171535.0,,,,,,,,,,,,,,
171536.0,,,,,,,,,,,,,,
171537.0,,,,,,,,,,,,,,
171538.0,,,,,,,,,,,,,,
171539.0,,,,,,,,,,,,,,
171540.0,,,,,,,,,,,,,,
171541.0,,,,,,,,,,,,,,
171542.0,,,,,,,,,,,,,,
171543.0,,,,,,,,,,,,,,
171544.0,,,,,,,,,,,,,,
171545.0,,,,,,,,,,,,,,
171546.0,,,,,,,,,,,,,,
171547.0,,,,,,,,,,,,,,
171548.0,,,,,,,,,,,,,,
171549.0,,,,,,,,,,,,,,
171550.0,,,,,,,,,,,,,,
171551.0,,,,,,,,,,,,,,
171552.0,,,,,,,,,,,,,,
171553.0,,,,,,,,,,,,,,
171554.0,,,,,,,,,,,,,,
171555.0,,,,,,,,,,,,,,
171556.0,,,,,,,,,,,,,,
171557.0,,,,,,,,,,,,,,
171558.0,,,,,,,,,,,,,,
171559.0,,,,,,,,,,,,,,
171560.0,,,,,,,,,,,,,,
171561.0,,,,,,,,,,,,,,
171562.0,,,,,,,,,,,,,,
171563.0,,,,,,,,,,,,,,
171564.0,,,,,,,,,,,,,,
171565.0,,,,,,,,,,,,,,
171566.0,,,,,,,,,,,,,,
171567.0,,,,,,,,,,,,,,
171568.0,,,,,,,,,,,,,,
171569.0,,,,,,,,,,,,,,
171570.0,,,,,,,,,,,,,,
171571.0,,,,,,,,,,,,,,
171572.0,,,,,,,,,,,,,,
171573.0,,,,,,,,,,,,,,
171574.0,,,,,,,,,,,,,,
171575.0,,,,,,,,,,,,,,
171576.0,,,,,,,,,,,,,,
171577.0,,,,,,,,,,,,,,
171578.0,,,,,,,,,,,,,,
171579.0,,,,,,,,,,,,,,
171580.0,,,,,,,,,,,,,,
171581.0,,,,,,,,,,,,,,
171582.0,,,,,,,,,,,,,,
171583.0,,,,,,,,,,,,,,
171584.0,,,,,,,,,,,,,,
171585.0,,,,,,,,,,,,,,
171586.0,,,,,,,,,,,,,,
171587.0,,,,,,,,,,,,,,
171588.0,,,,,,,,,,,,,,
171589.0,,,,,,,,,,,,,,
171590.0,,,,,,,,,,,,,,
171591.0,,,,,,,,,,,,,,
171592.0,,,,,,,,,,,,,,
171593.0,,,,,,,,,,,,,,
171594.0,,,,,,,,,,,,,,
171595.0,,,,,,,,,,,,,,
171596.0,,,,,,,,,,,,,,
171597.0,,,,,,,,,,,,,,
171598.0,,,,,,,,,,,,,,
171599.0,,,,,,,,,,,,,,
171600.0,,,,,,,,,,,,,,
171601.0,,,,,,,,,,,,,,
171602.0,,,,,,,,,,,,,,
171603.0,,,,,,,,,,,,,,
171604.0,,,,,,,,,,,,,,
171605.0,,,,,,,,,,,,,,
171606.0,,,,,,,,,,,,,,
171607.0,,,,,,,,,,,,,,
171608.0,,,,,,,,,,,,,,
171609.0,,,,,,,,,,,,,,
171610.0,,,,,,,,,,,,,,
171611.0,,,,,,,,,,,,,,
171612.0,,,,,,,,,,,,,,
171613.0,,,,,,,,,,,,,,
171614.0,,,,,,,,,,,,,,
171615.0,,,,,,,,,,,,,,
171616.0,,,,,,,,,,,,,,
171617.0,,,,,,,,,,,,,,
171618.0,,,,,,,,,,,,,,
171619.0,,,,,,,,,,,,,,
171620.0,,,,,,,,,,,,,,
171621.0,,,,,,,,,,,,,,
171622.0,,,,,,,,,,,,,,
171623.0,,,,,,,,,,,,,,
171624.0,,,,,,,,,,,,,,
171625.0,,,,,,,,,,,,,,
171626.0,,,,,,,,,,,,,,
171627.0,,,,,,,,,,,,,,
171628.0,,,,,,,,,,,,,,
171629.0,,,,,,,,,,,,,,
171630.0,,,,,,,,,,,,,,
171631.0,,,,,,,,,,,,,,
171632.0,,,,,,,,,,,,,,
171633.0,,,,,,,,,,,,,,
171634.0,,,,,,,,,,,,,,
171635.0,,,,,,,,,,,,,,
171636.0,,,,,,,,,,,,,,
171637.0,,,,,,,,,,,,,,
171638.0,,,,,,,,,,,,,,
171639.0,,,,,,,,,,,,,,
171640.0,,,,,,,,,,,,,,
171641.0,,,,,,,,,,,,,,
171642.0,,,,,,,,,,,,,,
171643.0,,,,,,,,,,,,,,
171644.0,,,,,,,,,,,,,,
171645.0,,,,,,,,,,,,,,
171646.0,,,,,,,,,,,,,,
171647.0,,,,,,,,,,,,,,
171648.0,,,,,,,,,,,,,,
171649.0,,,,,,,,,,,,,,
171650.0,,,,,,,,,,,,,,
171651.0,,,,,,,,,,,,,,
171652.0,,,,,,,,,,,,,,
171653.0,,,,,,,,,,,,,,
171654.0,,,,,,,,,,,,,,
171655.0,,,,,,,,,,,,,,
171656.0,,,,,,,,,,,,,,
171657.0,,,,,,,,,,,,,,
171658.0,,,,,,,,,,,,,,
171659.0,,,,,,,,,,,,,,
171660.0,,,,,,,,,,,,,,
171661.0,,,,,,,,,,,,,,
171662.0,,,,,,,,,,,,,,
171663.0,,,,,,,,,,,,,,
171664.0,,,,,,,,,,,,,,
171665.0,,,,,,,,,,,,,,
171666.0,,,,,,,,,,,,,,
171667.0,,,,,,,,,,,,,,
171668.0,,,,,,,,,,,,,,
171669.0,,,,,,,,,,,,,,
171670.0,,,,,,,,,,,,,,
171671.0,,,,,,,,,,,,,,
171672.0,,,,,,,,,,,,,,
171673.0,,,,,,,,,,,,,,
171674.0,,,,,,,,,,,,,,
171675.0,,,,,,,,,,,,,,
171676.0,,,,,,,,,,,,,,
171677.0,,,,,,,,,,,,,,
171678.0,,,,,,,,,,,,,,
171679.0,,,,,,,,,,,,,,
171680.0,,,,,,,,,,,,,,
171681.0,,,,,,,,,,,,,,
171682.0,,,,,,,,,,,,,,
171683.0,,,,,,,,,,,,,,
171684.0,,,,,,,,,,,,,,
171685.0,,,,,,,,,,,,,,
171686.0,,,,,,,,,,,,,,
171687.0,,,,,,,,,,,,,,
171688.0,,,,,,,,,,,,,,
171689.0,,,,,,,,,,,,,,
171690.0,,,,,,,,,,,,,,
171691.0,,,,,,,,,,,,,,
171692.0,,,,,,,,,,,,,,
171693.0,,,,,,,,,,,,,,
171694.0,,,,,,,,,,,,,,
171695.0,,,,,,,,,,,,,,
171696.0,,,,,,,,,,,,,,
171697.0,,,,,,,,,,,,,,
171698.0,,,,,,,,,,,,,,
171699.0,,,,,,,,,,,,,,
171700.0,,,,,,,,,,,,,,
171701.0,,,,,,,,,,,,,,
171702.0,,,,,,,,,,,,,,
171703.0,,,,,,,,,,,,,,
171704.0,,,,,,,,,,,,,,
171705.0,,,,,,,,,,,,,,
171706.0,,,,,,,,,,,,,,
171707.0,,,,,,,,,,,,,,
171708.0,,,,,,,,,,,,,,
171709.0,,,,,,,,,,,,,,
171710.0,,,,,,,,,,,,,,
171711.0,,,,,,,,,,,,,,
171712.0,,,,,,,,,,,,,,
171713.0,,,,,,,,,,,,,,
171714.0,,,,,,,,,,,,,,
171715.0,,,,,,,,,,,,,,
171716.0,,,,,,,,,,,,,,
171717.0,,,,,,,,,,,,,,
171718.0,,,,,,,,,,,,,,
171719.0,,,,,,,,,,,,,,
171720.0,,,,,,,,,,,,,,
171721.0,,,,,,,,,,,,,,
171722.0,,,,,,,,,,,,,,
171723.0,,,,,,,,,,,,,,
171724.0,,,,,,,,,,,,,,
171725.0,,,,,,,,,,,,,,
171726.0,,,,,,,,,,,,,,
171727.0,,,,,,,,,,,,,,
171728.0,,,,,,,,,,,,,,
171729.0,,,,,,,,,,,,,,
171730.0,,,,,,,,,,,,,,
171731.0,,,,,,,,,,,,,,
171732.0,,,,,,,,,,,,,,
171733.0,,,,,,,,,,,,,,
171734.0,,,,,,,,,,,,,,
171735.0,,,,,,,,,,,,,,
171736.0,,,,,,,,,,,,,,
171737.0,,,,,,,,,,,,,,
171738.0,,,,,,,,,,,,,,
171739.0,,,,,,,,,,,,,,
171740.0,,,,,,,,,,,,,,
171741.0,,,,,,,,,,,,,,
171742.0,,,,,,,,,,,,,,
171743.0,,,,,,,,,,,,,,
171744.0,,,,,,,,,,,,,,
171745.0,,,,,,,,,,,,,,
171746.0,,,,,,,,,,,,,,
171747.0,,,,,,,,,,,,,,
171748.0,,,,,,,,,,,,,,
171749.0,,,,,,,,,,,,,,
171750.0,,,,,,,,,,,,,,
171751.0,,,,,,,,,,,,,,
171752.0,,,,,,,,,,,,,,
171753.0,,,,,,,,,,,,,,
171754.0,,,,,,,,,,,,,,
171755.0,,,,,,,,,,,,,,
171756.0,,,,,,,,,,,,,,
171757.0,,,,,,,,,,,,,,
171758.0,,,,,,,,,,,,,,
171759.0,,,,,,,,,,,,,,
171760.0,,,,,,,,,,,,,,
171761.0,,,,,,,,,,,,,,
171762.0,,,,,,,,,,,,,,
171763.0,,,,,,,,,,,,,,
171764.0,,,,,,,,,,,,,,
171765.0,,,,,,,,,,,,,,
171766.0,,,,,,,,,,,,,,
171767.0,,,,,,,,,,,,,,
171768.0,,,,,,,,,,,,,,
171769.0,,,,,,,,,,,,,,
171770.0,,,,,,,,,,,,,,
171771.0,,,,,,,,,,,,,,
171772.0,,,,,,,,,,,,,,
171773.0,,,,,,,,,,,,,,
171774.0,,,,,,,,,,,,,,
171775.0,,,,,,,,,,,,,,
171776.0,,,,,,,,,,,,,,
171777.0,,,,,,,,,,,,,,
171778.0,,,,,,,,,,,,,,
171779.0,,,,,,,,,,,,,,
171780.0,,,,,,,,,,,,,,
171781.0,,,,,,,,,,,,,,
171782.0,,,,,,,,,,,,,,
171783.0,,,,,,,,,,,,,,
171784.0,,,,,,,,,,,,,,
171785.0,,,,,,,,,,,,,,
171786.0,,,,,,,,,,,,,,
171787.0,,,,,,,,,,,,,,
171788.0,,,,,,,,,,,,,,
171789.0,,,,,,,,,,,,,,
171790.0,,,,,,,,,,,,,,
171791.0,,,,,,,,,,,,,,
171792.0,,,,,,,,,,,,,,
171793.0,,,,,,,,,,,,,,
171794.0,,,,,,,,,,,,,,
171795.0,,,,,,,,,,,,,,
171796.0,,,,,,,,,,,,,,
171797.0,,,,,,,,,,,,,,
171798.0,,,,,,,,,,,,,,
171799.0,,,,,,,,,,,,,,
171800.0,,,,,,,,,,,,,,
171801.0,,,,,,,,,,,,,,
171802.0,,,,,,,,,,,,,,
171803.0,,,,,,,,,,,,,,
171804.0,,,,,,,,,,,,,,
171805.0,,,,,,,,,,,,,,
171806.0,,,,,,,,,,,,,,
171807.0,,,,,,,,,,,,,,
171808.0,,,,,,,,,,,,,,
171809.0,,,,,,,,,,,,,,
171810.0,,,,,,,,,,,,,,
171811.0,,,,,,,,,,,,,,
171812.0,,,,,,,,,,,,,,
171813.0,,,,,,,,,,,,,,
171814.0,,,,,,,,,,,,,,
171815.0,,,,,,,,,,,,,,
171816.0,,,,,,,,,,,,,,
171817.0,,,,,,,,,,,,,,
171818.0,,,,,,,,,,,,,,
171819.0,,,,,,,,,,,,,,
171820.0,,,,,,,,,,,,,,
171821.0,,,,,,,,,,,,,,
171822.0,,,,,,,,,,,,,,
171823.0,,,,,,,,,,,,,,
171824.0,,,,,,,,,,,,,,
171825.0,,,,,,,,,,,,,,
171826.0,,,,,,,,,,,,,,
171827.0,,,,,,,,,,,,,,
171828.0,,,,,,,,,,,,,,
171829.0,,,,,,,,,,,,,,
171830.0,,,,,,,,,,,,,,
171831.0,,,,,,,,,,,,,,
171832.0,,,,,,,,,,,,,,
171833.0,,,,,,,,,,,,,,
171834.0,,,,,,,,,,,,,,
171835.0,,,,,,,,,,,,,,
171836.0,,,,,,,,,,,,,,
171837.0,,,,,,,,,,,,,,
171838.0,,,,,,,,,,,,,,
171839.0,,,,,,,,,,,,,,
171840.0,,,,,,,,,,,,,,
171841.0,,,,,,,,,,,,,,
171842.0,,,,,,,,,,,,,,
171843.0,,,,,,,,,,,,,,
171844.0,,,,,,,,,,,,,,
171845.0,,,,,,,,,,,,,,
171846.0,,,,,,,,,,,,,,
171847.0,,,,,,,,,,,,,,
171848.0,,,,,,,,,,,,,,
171849.0,,,,,,,,,,,,,,
171850.0,,,,,,,,,,,,,,
171851.0,,,,,,,,,,,,,,
171852.0,,,,,,,,,,,,,,
171853.0,,,,,,,,,,,,,,
171854.0,,,,,,,,,,,,,,
171855.0,,,,,,,,,,,,,,
171856.0,,,,,,,,,,,,,,
171857.0,,,,,,,,,,,,,,
171858.0,,,,,,,,,,,,,,
171859.0,,,,,,,,,,,,,,
171860.0,,,,,,,,,,,,,,
171861.0,,,,,,,,,,,,,,
171862.0,,,,,,,,,,,,,,
171863.0,,,,,,,,,,,,,,
171864.0,,,,,,,,,,,,,,
171865.0,,,,,,,,,,,,,,
171866.0,,,,,,,,,,,,,,
171867.0,,,,,,,,,,,,,,
171868.0,,,,,,,,,,,,,,
171869.0,,,,,,,,,,,,,,
171870.0,,,,,,,,,,,,,,
171871.0,,,,,,,,,,,,,,
171872.0,,,,,,,,,,,,,,
171873.0,,,,,,,,,,,,,,
171874.0,,,,,,,,,,,,,,
171875.0,,,,,,,,,,,,,,
171876.0,,,,,,,,,,,,,,
171877.0,,,,,,,,,,,,,,
171878.0,,,,,,,,,,,,,,
171879.0,,,,,,,,,,,,,,
171880.0,,,,,,,,,,,,,,
171881.0,,,,,,,,,,,,,,
171882.0,,,,,,,,,,,,,,
171883.0,,,,,,,,,,,,,,
171884.0,,,,,,,,,,,,,,
171885.0,,,,,,,,,,,,,,
171886.0,,,,,,,,,,,,,,
171887.0,,,,,,,,,,,,,,
171888.0,,,,,,,,,,,,,,
171889.0,,,,,,,,,,,,,,
171890.0,,,,,,,,,,,,,,
171891.0,,,,,,,,,,,,,,
171892.0,,,,,,,,,,,,,,
171893.0,,,,,,,,,,,,,,
171894.0,,,,,,,,,,,,,,
171895.0,,,,,,,,,,,,,,
171896.0,,,,,,,,,,,,,,
171897.0,,,,,,,,,,,,,,
171898.0,,,,,,,,,,,,,,
171899.0,,,,,,,,,,,,,,
171900.0,,,,,,,,,,,,,,
171901.0,,,,,,,,,,,,,,
171902.0,,,,,,,,,,,,,,
171903.0,,,,,,,,,,,,,,
171904.0,,,,,,,,,,,,,,
171905.0,,,,,,,,,,,,,,
171906.0,,,,,,,,,,,,,,
171907.0,,,,,,,,,,,,,,
171908.0,,,,,,,,,,,,,,
171909.0,,,,,,,,,,,,,,
171910.0,,,,,,,,,,,,,,
171911.0,,,,,,,,,,,,,,
171912.0,,,,,,,,,,,,,,
171913.0,,,,,,,,,,,,,,
171914.0,,,,,,,,,,,,,,
171915.0,,,,,,,,,,,,,,
171916.0,,,,,,,,,,,,,,
171917.0,,,,,,,,,,,,,,
171918.0,,,,,,,,,,,,,,
171919.0,,,,,,,,,,,,,,
171920.0,,,,,,,,,,,,,,
171921.0,,,,,,,,,,,,,,
171922.0,,,,,,,,,,,,,,
171923.0,,,,,,,,,,,,,,
171924.0,,,,,,,,,,,,,,
171925.0,,,,,,,,,,,,,,
171926.0,,,,,,,,,,,,,,
171927.0,,,,,,,,,,,,,,
171928.0,,,,,,,,,,,,,,
171929.0,,,,,,,,,,,,,,
171930.0,,,,,,,,,,,,,,
171931.0,,,,,,,,,,,,,,
171932.0,,,,,,,,,,,,,,
171933.0,,,,,,,,,,,,,,
171934.0,,,,,,,,,,,,,,
171935.0,,,,,,,,,,,,,,
171936.0,,,,,,,,,,,,,,
171937.0,,,,,,,,,,,,,,
171938.0,,,,,,,,,,,,,,
171939.0,,,,,,,,,,,,,,
171940.0,,,,,,,,,,,,,,
171941.0,,,,,,,,,,,,,,
171942.0,,,,,,,,,,,,,,
171943.0,,,,,,,,,,,,,,
171944.0,,,,,,,,,,,,,,
171945.0,,,,,,,,,,,,,,
171946.0,,,,,,,,,,,,,,
171947.0,,,,,,,,,,,,,,
171948.0,,,,,,,,,,,,,,
171949.0,,,,,,,,,,,,,,
171950.0,,,,,,,,,,,,,,
171951.0,,,,,,,,,,,,,,
171952.0,,,,,,,,,,,,,,
171953.0,,,,,,,,,,,,,,
171954.0,,,,,,,,,,,,,,
171955.0,,,,,,,,,,,,,,
171956.0,,,,,,,,,,,,,,
171957.0,,,,,,,,,,,,,,
171958.0,,,,,,,,,,,,,,
171959.0,,,,,,,,,,,,,,
171960.0,,,,,,,,,,,,,,
171961.0,,,,,,,,,,,,,,
171962.0,,,,,,,,,,,,,,
171963.0,,,,,,,,,,,,,,
171964.0,,,,,,,,,,,,,,
171965.0,,,,,,,,,,,,,,
171966.0,,,,,,,,,,,,,,
171967.0,,,,,,,,,,,,,,
171968.0,,,,,,,,,,,,,,
171969.0,,,,,,,,,,,,,,
171970.0,,,,,,,,,,,,,,
171971.0,,,,,,,,,,,,,,
171972.0,,,,,,,,,,,,,,
171973.0,,,,,,,,,,,,,,
171974.0,,,,,,,,,,,,,,
171975.0,,,,,,,,,,,,,,
171976.0,,,,,,,,,,,,,,
171977.0,,,,,,,,,,,,,,
171978.0,,,,,,,,,,,,,,
171979.0,,,,,,,,,,,,,,
171980.0,,,,,,,,,,,,,,
171981.0,,,,,,,,,,,,,,
171982.0,,,,,,,,,,,,,,
171983.0,,,,,,,,,,,,,,
171984.0,,,,,,,,,,,,,,
171985.0,,,,,,,,,,,,,,
171986.0,,,,,,,,,,,,,,
171987.0,,,,,,,,,,,,,,
171988.0,,,,,,,,,,,,,,
171989.0,,,,,,,,,,,,,,
171990.0,,,,,,,,,,,,,,
171991.0,,,,,,,,,,,,,,
171992.0,,,,,,,,,,,,,,
171993.0,,,,,,,,,,,,,,
171994.0,,,,,,,,,,,,,,
171995.0,,,,,,,,,,,,,,
171996.0,,,,,,,,,,,,,,
171997.0,,,,,,,,,,,,,,
171998.0,,,,,,,,,,,,,,
171999.0,,,,,,,,,,,,,,
172000.0,,,,,,,,,,,,,,
172001.0,,,,,,,,,,,,,,
172002.0,,,,,,,,,,,,,,
172003.0,,,,,,,,,,,,,,
172004.0,,,,,,,,,,,,,,
172005.0,,,,,,,,,,,,,,
172006.0,,,,,,,,,,,,,,
172007.0,,,,,,,,,,,,,,
172008.0,,,,,,,,,,,,,,
172009.0,,,,,,,,,,,,,,
172010.0,,,,,,,,,,,,,,
172011.0,,,,,,,,,,,,,,
172012.0,,,,,,,,,,,,,,
172013.0,,,,,,,,,,,,,,
172014.0,,,,,,,,,,,,,,
172015.0,,,,,,,,,,,,,,
172016.0,,,,,,,,,,,,,,
172017.0,,,,,,,,,,,,,,
172018.0,,,,,,,,,,,,,,
172019.0,,,,,,,,,,,,,,
172020.0,,,,,,,,,,,,,,
172021.0,,,,,,,,,,,,,,
172022.0,,,,,,,,,,,,,,
172023.0,,,,,,,,,,,,,,
172024.0,,,,,,,,,,,,,,
172025.0,,,,,,,,,,,,,,
172026.0,,,,,,,,,,,,,,
172027.0,,,,,,,,,,,,,,
172028.0,,,,,,,,,,,,,,
172029.0,,,,,,,,,,,,,,
172030.0,,,,,,,,,,,,,,
172031.0,,,,,,,,,,,,,,
172032.0,,,,,,,,,,,,,,
172033.0,,,,,,,,,,,,,,
172034.0,,,,,,,,,,,,,,
172035.0,,,,,,,,,,,,,,
172036.0,,,,,,,,,,,,,,
172037.0,,,,,,,,,,,,,,
172038.0,,,,,,,,,,,,,,
172039.0,,,,,,,,,,,,,,
172040.0,,,,,,,,,,,,,,
172041.0,,,,,,,,,,,,,,
172042.0,,,,,,,,,,,,,,
172043.0,,,,,,,,,,,,,,
172044.0,,,,,,,,,,,,,,
172045.0,,,,,,,,,,,,,,
172046.0,,,,,,,,,,,,,,
172047.0,,,,,,,,,,,,,,
172048.0,,,,,,,,,,,,,,
172049.0,,,,,,,,,,,,,,
172050.0,,,,,,,,,,,,,,
172051.0,,,,,,,,,,,,,,
172052.0,,,,,,,,,,,,,,
172053.0,,,,,,,,,,,,,,
172054.0,,,,,,,,,,,,,,
172055.0,,,,,,,,,,,,,,
172056.0,,,,,,,,,,,,,,
172057.0,,,,,,,,,,,,,,
172058.0,,,,,,,,,,,,,,
172059.0,,,,,,,,,,,,,,
172060.0,,,,,,,,,,,,,,
172061.0,,,,,,,,,,,,,,
172062.0,,,,,,,,,,,,,,
172063.0,,,,,,,,,,,,,,
172064.0,,,,,,,,,,,,,,
172065.0,,,,,,,,,,,,,,
172066.0,,,,,,,,,,,,,,
172067.0,,,,,,,,,,,,,,
172068.0,,,,,,,,,,,,,,
172069.0,,,,,,,,,,,,,,
172070.0,,,,,,,,,,,,,,
172071.0,,,,,,,,,,,,,,
172072.0,,,,,,,,,,,,,,
172073.0,,,,,,,,,,,,,,
172074.0,,,,,,,,,,,,,,
172075.0,,,,,,,,,,,,,,
172076.0,,,,,,,,,,,,,,
172077.0,,,,,,,,,,,,,,
172078.0,,,,,,,,,,,,,,
172079.0,,,,,,,,,,,,,,
172080.0,,,,,,,,,,,,,,
172081.0,,,,,,,,,,,,,,
172082.0,,,,,,,,,,,,,,
172083.0,,,,,,,,,,,,,,
172084.0,,,,,,,,,,,,,,
172085.0,,,,,,,,,,,,,,
172086.0,,,,,,,,,,,,,,
172087.0,,,,,,,,,,,,,,
172088.0,,,,,,,,,,,,,,
172089.0,,,,,,,,,,,,,,
172090.0,,,,,,,,,,,,,,
172091.0,,,,,,,,,,,,,,
172092.0,,,,,,,,,,,,,,
172093.0,,,,,,,,,,,,,,
172094.0,,,,,,,,,,,,,,
172095.0,,,,,,,,,,,,,,
172096.0,,,,,,,,,,,,,,
172097.0,,,,,,,,,,,,,,
172098.0,,,,,,,,,,,,,,
172099.0,,,,,,,,,,,,,,
172100.0,,,,,,,,,,,,,,
172101.0,,,,,,,,,,,,,,
172102.0,,,,,,,,,,,,,,
172103.0,,,,,,,,,,,,,,
172104.0,,,,,,,,,,,,,,
172105.0,,,,,,,,,,,,,,
172106.0,,,,,,,,,,,,,,
172107.0,,,,,,,,,,,,,,
172108.0,,,,,,,,,,,,,,
172109.0,,,,,,,,,,,,,,
172110.0,,,,,,,,,,,,,,
172111.0,,,,,,,,,,,,,,
172112.0,,,,,,,,,,,,,,
172113.0,,,,,,,,,,,,,,
172114.0,,,,,,,,,,,,,,
172115.0,,,,,,,,,,,,,,
172116.0,,,,,,,,,,,,,,
172117.0,,,,,,,,,,,,,,
172118.0,,,,,,,,,,,,,,
172119.0,,,,,,,,,,,,,,
172120.0,,,,,,,,,,,,,,
172121.0,,,,,,,,,,,,,,
172122.0,,,,,,,,,,,,,,
172123.0,,,,,,,,,,,,,,
172124.0,,,,,,,,,,,,,,
172125.0,,,,,,,,,,,,,,
172126.0,,,,,,,,,,,,,,
172127.0,,,,,,,,,,,,,,
172128.0,,,,,,,,,,,,,,
172129.0,,,,,,,,,,,,,,
172130.0,,,,,,,,,,,,,,
172131.0,,,,,,,,,,,,,,
172132.0,,,,,,,,,,,,,,
172133.0,,,,,,,,,,,,,,
172134.0,,,,,,,,,,,,,,
172135.0,,,,,,,,,,,,,,
172136.0,,,,,,,,,,,,,,
172137.0,,,,,,,,,,,,,,
172138.0,,,,,,,,,,,,,,
172139.0,,,,,,,,,,,,,,
172140.0,,,,,,,,,,,,,,
172141.0,,,,,,,,,,,,,,
172142.0,,,,,,,,,,,,,,
172143.0,,,,,,,,,,,,,,
172144.0,,,,,,,,,,,,,,
172145.0,,,,,,,,,,,,,,
172146.0,,,,,,,,,,,,,,
172147.0,,,,,,,,,,,,,,
172148.0,,,,,,,,,,,,,,
172149.0,,,,,,,,,,,,,,
172150.0,,,,,,,,,,,,,,
172151.0,,,,,,,,,,,,,,
172152.0,,,,,,,,,,,,,,
172153.0,,,,,,,,,,,,,,
172154.0,,,,,,,,,,,,,,
172155.0,,,,,,,,,,,,,,
172156.0,,,,,,,,,,,,,,
172157.0,,,,,,,,,,,,,,
172158.0,,,,,,,,,,,,,,
172159.0,,,,,,,,,,,,,,
172160.0,,,,,,,,,,,,,,
172161.0,,,,,,,,,,,,,,
172162.0,,,,,,,,,,,,,,
172163.0,,,,,,,,,,,,,,
172164.0,,,,,,,,,,,,,,
172165.0,,,,,,,,,,,,,,
172166.0,,,,,,,,,,,,,,
172167.0,,,,,,,,,,,,,,
172168.0,,,,,,,,,,,,,,
172169.0,,,,,,,,,,,,,,
172170.0,,,,,,,,,,,,,,
172171.0,,,,,,,,,,,,,,
172172.0,,,,,,,,,,,,,,
172173.0,,,,,,,,,,,,,,
172174.0,,,,,,,,,,,,,,
172175.0,,,,,,,,,,,,,,
172176.0,,,,,,,,,,,,,,
172177.0,,,,,,,,,,,,,,
172178.0,,,,,,,,,,,,,,
172179.0,,,,,,,,,,,,,,
172180.0,,,,,,,,,,,,,,
172181.0,,,,,,,,,,,,,,
172182.0,,,,,,,,,,,,,,
172183.0,,,,,,,,,,,,,,
172184.0,,,,,,,,,,,,,,
172185.0,,,,,,,,,,,,,,
172186.0,,,,,,,,,,,,,,
172187.0,,,,,,,,,,,,,,
172188.0,,,,,,,,,,,,,,
172189.0,,,,,,,,,,,,,,
172190.0,,,,,,,,,,,,,,
172191.0,,,,,,,,,,,,,,
172192.0,,,,,,,,,,,,,,
172193.0,,,,,,,,,,,,,,
172194.0,,,,,,,,,,,,,,
172195.0,,,,,,,,,,,,,,
172196.0,,,,,,,,,,,,,,
172197.0,,,,,,,,,,,,,,
172198.0,,,,,,,,,,,,,,
172199.0,,,,,,,,,,,,,,
172200.0,,,,,,,,,,,,,,
172201.0,,,,,,,,,,,,,,
172202.0,,,,,,,,,,,,,,
172203.0,,,,,,,,,,,,,,
172204.0,,,,,,,,,,,,,,
172205.0,,,,,,,,,,,,,,
172206.0,,,,,,,,,,,,,,
172207.0,,,,,,,,,,,,,,
172208.0,,,,,,,,,,,,,,
172209.0,,,,,,,,,,,,,,
172210.0,,,,,,,,,,,,,,
172211.0,,,,,,,,,,,,,,
172212.0,,,,,,,,,,,,,,
172213.0,,,,,,,,,,,,,,
172214.0,,,,,,,,,,,,,,
172215.0,,,,,,,,,,,,,,
172216.0,,,,,,,,,,,,,,
172217.0,,,,,,,,,,,,,,
172218.0,,,,,,,,,,,,,,
172219.0,,,,,,,,,,,,,,
172220.0,,,,,,,,,,,,,,
172221.0,,,,,,,,,,,,,,
172222.0,,,,,,,,,,,,,,
172223.0,,,,,,,,,,,,,,
172224.0,,,,,,,,,,,,,,
172225.0,,,,,,,,,,,,,,
172226.0,,,,,,,,,,,,,,
172227.0,,,,,,,,,,,,,,
172228.0,,,,,,,,,,,,,,
172229.0,,,,,,,,,,,,,,
172230.0,,,,,,,,,,,,,,
172231.0,,,,,,,,,,,,,,
172232.0,,,,,,,,,,,,,,
172233.0,,,,,,,,,,,,,,
172234.0,,,,,,,,,,,,,,
172235.0,,,,,,,,,,,,,,
172236.0,,,,,,,,,,,,,,
172237.0,,,,,,,,,,,,,,
172238.0,,,,,,,,,,,,,,
172239.0,,,,,,,,,,,,,,
172240.0,,,,,,,,,,,,,,
172241.0,,,,,,,,,,,,,,
172242.0,,,,,,,,,,,,,,
172243.0,,,,,,,,,,,,,,
172244.0,,,,,,,,,,,,,,
172245.0,,,,,,,,,,,,,,
172246.0,,,,,,,,,,,,,,
172247.0,,,,,,,,,,,,,,
172248.0,,,,,,,,,,,,,,
172249.0,,,,,,,,,,,,,,
172250.0,,,,,,,,,,,,,,
172251.0,,,,,,,,,,,,,,
172252.0,,,,,,,,,,,,,,
172253.0,,,,,,,,,,,,,,
172254.0,,,,,,,,,,,,,,
172255.0,,,,,,,,,,,,,,
172256.0,,,,,,,,,,,,,,
172257.0,,,,,,,,,,,,,,
172258.0,,,,,,,,,,,,,,
172259.0,,,,,,,,,,,,,,
172260.0,,,,,,,,,,,,,,
172261.0,,,,,,,,,,,,,,
172262.0,,,,,,,,,,,,,,
172263.0,,,,,,,,,,,,,,
172264.0,,,,,,,,,,,,,,
172265.0,,,,,,,,,,,,,,
172266.0,,,,,,,,,,,,,,
172267.0,,,,,,,,,,,,,,
172268.0,,,,,,,,,,,,,,
172269.0,,,,,,,,,,,,,,
172270.0,,,,,,,,,,,,,,
172271.0,,,,,,,,,,,,,,
172272.0,,,,,,,,,,,,,,
172273.0,,,,,,,,,,,,,,
172274.0,,,,,,,,,,,,,,
172275.0,,,,,,,,,,,,,,
172276.0,,,,,,,,,,,,,,
172277.0,,,,,,,,,,,,,,
172278.0,,,,,,,,,,,,,,
172279.0,,,,,,,,,,,,,,
172280.0,,,,,,,,,,,,,,
172281.0,,,,,,,,,,,,,,
172282.0,,,,,,,,,,,,,,
172283.0,,,,,,,,,,,,,,
172284.0,,,,,,,,,,,,,,
172285.0,,,,,,,,,,,,,,
172286.0,,,,,,,,,,,,,,
172287.0,,,,,,,,,,,,,,
172288.0,,,,,,,,,,,,,,
172289.0,,,,,,,,,,,,,,
172290.0,,,,,,,,,,,,,,
172291.0,,,,,,,,,,,,,,
172292.0,,,,,,,,,,,,,,
172293.0,,,,,,,,,,,,,,
172294.0,,,,,,,,,,,,,,
172295.0,,,,,,,,,,,,,,
172296.0,,,,,,,,,,,,,,
172297.0,,,,,,,,,,,,,,
172298.0,,,,,,,,,,,,,,
172299.0,,,,,,,,,,,,,,
172300.0,,,,,,,,,,,,,,
172301.0,,,,,,,,,,,,,,
172302.0,,,,,,,,,,,,,,
172303.0,,,,,,,,,,,,,,
172304.0,,,,,,,,,,,,,,
172305.0,,,,,,,,,,,,,,
172306.0,,,,,,,,,,,,,,
172307.0,,,,,,,,,,,,,,
172308.0,,,,,,,,,,,,,,
172309.0,,,,,,,,,,,,,,
172310.0,,,,,,,,,,,,,,
172311.0,,,,,,,,,,,,,,
172312.0,,,,,,,,,,,,,,
172313.0,,,,,,,,,,,,,,
172314.0,,,,,,,,,,,,,,
172315.0,,,,,,,,,,,,,,
172316.0,,,,,,,,,,,,,,
172317.0,,,,,,,,,,,,,,
172318.0,,,,,,,,,,,,,,
172319.0,,,,,,,,,,,,,,
172320.0,,,,,,,,,,,,,,
172321.0,,,,,,,,,,,,,,
172322.0,,,,,,,,,,,,,,
172323.0,,,,,,,,,,,,,,
172324.0,,,,,,,,,,,,,,
172325.0,,,,,,,,,,,,,,
172326.0,,,,,,,,,,,,,,
172327.0,,,,,,,,,,,,,,
172328.0,,,,,,,,,,,,,,
172329.0,,,,,,,,,,,,,,
172330.0,,,,,,,,,,,,,,
172331.0,,,,,,,,,,,,,,
172332.0,,,,,,,,,,,,,,
172333.0,,,,,,,,,,,,,,
172334.0,,,,,,,,,,,,,,
172335.0,,,,,,,,,,,,,,
172336.0,,,,,,,,,,,,,,
172337.0,,,,,,,,,,,,,,
172338.0,,,,,,,,,,,,,,
172339.0,,,,,,,,,,,,,,
172340.0,,,,,,,,,,,,,,
172341.0,,,,,,,,,,,,,,
172342.0,,,,,,,,,,,,,,
172343.0,,,,,,,,,,,,,,
172344.0,,,,,,,,,,,,,,
172345.0,,,,,,,,,,,,,,
172346.0,,,,,,,,,,,,,,
172347.0,,,,,,,,,,,,,,
172348.0,,,,,,,,,,,,,,
172349.0,,,,,,,,,,,,,,
172350.0,,,,,,,,,,,,,,
172351.0,,,,,,,,,,,,,,
172352.0,,,,,,,,,,,,,,
172353.0,,,,,,,,,,,,,,
172354.0,,,,,,,,,,,,,,
172355.0,,,,,,,,,,,,,,
172356.0,,,,,,,,,,,,,,
172357.0,,,,,,,,,,,,,,
172358.0,,,,,,,,,,,,,,
172359.0,,,,,,,,,,,,,,
172360.0,,,,,,,,,,,,,,
172361.0,,,,,,,,,,,,,,
172362.0,,,,,,,,,,,,,,
172363.0,,,,,,,,,,,,,,
172364.0,,,,,,,,,,,,,,
172365.0,,,,,,,,,,,,,,
172366.0,,,,,,,,,,,,,,
172367.0,,,,,,,,,,,,,,
172368.0,,,,,,,,,,,,,,
172369.0,,,,,,,,,,,,,,
172370.0,,,,,,,,,,,,,,
172371.0,,,,,,,,,,,,,,
172372.0,,,,,,,,,,,,,,
172373.0,,,,,,,,,,,,,,
172374.0,,,,,,,,,,,,,,
172375.0,,,,,,,,,,,,,,
172376.0,,,,,,,,,,,,,,
172377.0,,,,,,,,,,,,,,
172378.0,,,,,,,,,,,,,,
172379.0,,,,,,,,,,,,,,
172380.0,,,,,,,,,,,,,,
172381.0,,,,,,,,,,,,,,
172382.0,,,,,,,,,,,,,,
172383.0,,,,,,,,,,,,,,
172384.0,,,,,,,,,,,,,,
172385.0,,,,,,,,,,,,,,
172386.0,,,,,,,,,,,,,,
172387.0,,,,,,,,,,,,,,
172388.0,,,,,,,,,,,,,,
172389.0,,,,,,,,,,,,,,
172390.0,,,,,,,,,,,,,,
172391.0,,,,,,,,,,,,,,
172392.0,,,,,,,,,,,,,,
172393.0,,,,,,,,,,,,,,
172394.0,,,,,,,,,,,,,,
172395.0,,,,,,,,,,,,,,
172396.0,,,,,,,,,,,,,,
172397.0,,,,,,,,,,,,,,
172398.0,,,,,,,,,,,,,,
172399.0,,,,,,,,,,,,,,
172400.0,,,,,,,,,,,,,,
172401.0,,,,,,,,,,,,,,
172402.0,,,,,,,,,,,,,,
172403.0,,,,,,,,,,,,,,
172404.0,,,,,,,,,,,,,,
172405.0,,,,,,,,,,,,,,
172406.0,,,,,,,,,,,,,,
172407.0,,,,,,,,,,,,,,
172408.0,,,,,,,,,,,,,,
172409.0,,,,,,,,,,,,,,
172410.0,,,,,,,,,,,,,,
172411.0,,,,,,,,,,,,,,
172412.0,,,,,,,,,,,,,,
172413.0,,,,,,,,,,,,,,
172414.0,,,,,,,,,,,,,,
172415.0,,,,,,,,,,,,,,
172416.0,,,,,,,,,,,,,,
172417.0,,,,,,,,,,,,,,
172418.0,,,,,,,,,,,,,,
172419.0,,,,,,,,,,,,,,
172420.0,,,,,,,,,,,,,,
172421.0,,,,,,,,,,,,,,
172422.0,,,,,,,,,,,,,,
172423.0,,,,,,,,,,,,,,
172424.0,,,,,,,,,,,,,,
172425.0,,,,,,,,,,,,,,
172426.0,,,,,,,,,,,,,,
172427.0,,,,,,,,,,,,,,
172428.0,,,,,,,,,,,,,,
172429.0,,,,,,,,,,,,,,
172430.0,,,,,,,,,,,,,,
172431.0,,,,,,,,,,,,,,
172432.0,,,,,,,,,,,,,,
172433.0,,,,,,,,,,,,,,
172434.0,,,,,,,,,,,,,,
172435.0,,,,,,,,,,,,,,
172436.0,,,,,,,,,,,,,,
172437.0,,,,,,,,,,,,,,
172438.0,,,,,,,,,,,,,,
172439.0,,,,,,,,,,,,,,
172440.0,,,,,,,,,,,,,,
172441.0,,,,,,,,,,,,,,
172442.0,,,,,,,,,,,,,,
172443.0,,,,,,,,,,,,,,
172444.0,,,,,,,,,,,,,,
172445.0,,,,,,,,,,,,,,
172446.0,,,,,,,,,,,,,,
172447.0,,,,,,,,,,,,,,
172448.0,,,,,,,,,,,,,,
172449.0,,,,,,,,,,,,,,
172450.0,,,,,,,,,,,,,,
172451.0,,,,,,,,,,,,,,
172452.0,,,,,,,,,,,,,,
172453.0,,,,,,,,,,,,,,
172454.0,,,,,,,,,,,,,,
172455.0,,,,,,,,,,,,,,
172456.0,,,,,,,,,,,,,,
172457.0,,,,,,,,,,,,,,
172458.0,,,,,,,,,,,,,,
172459.0,,,,,,,,,,,,,,
172460.0,,,,,,,,,,,,,,
172461.0,,,,,,,,,,,,,,
172462.0,,,,,,,,,,,,,,
172463.0,,,,,,,,,,,,,,
172464.0,,,,,,,,,,,,,,
172465.0,,,,,,,,,,,,,,
172466.0,,,,,,,,,,,,,,
172467.0,,,,,,,,,,,,,,
172468.0,,,,,,,,,,,,,,
172469.0,,,,,,,,,,,,,,
172470.0,,,,,,,,,,,,,,
172471.0,,,,,,,,,,,,,,
172472.0,,,,,,,,,,,,,,
172473.0,,,,,,,,,,,,,,
172474.0,,,,,,,,,,,,,,
172475.0,,,,,,,,,,,,,,
172476.0,,,,,,,,,,,,,,
172477.0,,,,,,,,,,,,,,
172478.0,,,,,,,,,,,,,,
172479.0,,,,,,,,,,,,,,
172480.0,,,,,,,,,,,,,,
172481.0,,,,,,,,,,,,,,
172482.0,,,,,,,,,,,,,,
172483.0,,,,,,,,,,,,,,
172484.0,,,,,,,,,,,,,,
172485.0,,,,,,,,,,,,,,
172486.0,,,,,,,,,,,,,,
172487.0,,,,,,,,,,,,,,
172488.0,,,,,,,,,,,,,,
172489.0,,,,,,,,,,,,,,
172490.0,,,,,,,,,,,,,,
172491.0,,,,,,,,,,,,,,
172492.0,,,,,,,,,,,,,,
172493.0,,,,,,,,,,,,,,
172494.0,,,,,,,,,,,,,,
172495.0,,,,,,,,,,,,,,
172496.0,,,,,,,,,,,,,,
172497.0,,,,,,,,,,,,,,
172498.0,,,,,,,,,,,,,,
172499.0,,,,,,,,,,,,,,
172500.0,,,,,,,,,,,,,,
172501.0,,,,,,,,,,,,,,
172502.0,,,,,,,,,,,,,,
172503.0,,,,,,,,,,,,,,
172504.0,,,,,,,,,,,,,,
172505.0,,,,,,,,,,,,,,
172506.0,,,,,,,,,,,,,,
172507.0,,,,,,,,,,,,,,
172508.0,,,,,,,,,,,,,,
172509.0,,,,,,,,,,,,,,
172510.0,,,,,,,,,,,,,,
172511.0,,,,,,,,,,,,,,
172512.0,,,,,,,,,,,,,,
172513.0,,,,,,,,,,,,,,
172514.0,,,,,,,,,,,,,,
172515.0,,,,,,,,,,,,,,
172516.0,,,,,,,,,,,,,,
172517.0,,,,,,,,,,,,,,
172518.0,,,,,,,,,,,,,,
172519.0,,,,,,,,,,,,,,
172520.0,,,,,,,,,,,,,,
172521.0,,,,,,,,,,,,,,
172522.0,,,,,,,,,,,,,,
172523.0,,,,,,,,,,,,,,
172524.0,,,,,,,,,,,,,,
172525.0,,,,,,,,,,,,,,
172526.0,,,,,,,,,,,,,,
172527.0,,,,,,,,,,,,,,
172528.0,,,,,,,,,,,,,,
172529.0,,,,,,,,,,,,,,
172530.0,,,,,,,,,,,,,,
172531.0,,,,,,,,,,,,,,
172532.0,,,,,,,,,,,,,,
172533.0,,,,,,,,,,,,,,
172534.0,,,,,,,,,,,,,,
172535.0,,,,,,,,,,,,,,
172536.0,,,,,,,,,,,,,,
172537.0,,,,,,,,,,,,,,
172538.0,,,,,,,,,,,,,,
172539.0,,,,,,,,,,,,,,
172540.0,,,,,,,,,,,,,,
172541.0,,,,,,,,,,,,,,
172542.0,,,,,,,,,,,,,,
172543.0,,,,,,,,,,,,,,
172544.0,,,,,,,,,,,,,,
172545.0,,,,,,,,,,,,,,
172546.0,,,,,,,,,,,,,,
172547.0,,,,,,,,,,,,,,
172548.0,,,,,,,,,,,,,,
172549.0,,,,,,,,,,,,,,
172550.0,,,,,,,,,,,,,,
172551.0,,,,,,,,,,,,,,
172552.0,,,,,,,,,,,,,,
172553.0,,,,,,,,,,,,,,
172554.0,,,,,,,,,,,,,,
172555.0,,,,,,,,,,,,,,
172556.0,,,,,,,,,,,,,,
172557.0,,,,,,,,,,,,,,
172558.0,,,,,,,,,,,,,,
172559.0,,,,,,,,,,,,,,
172560.0,,,,,,,,,,,,,,
172561.0,,,,,,,,,,,,,,
172562.0,,,,,,,,,,,,,,
172563.0,,,,,,,,,,,,,,
172564.0,,,,,,,,,,,,,,
172565.0,,,,,,,,,,,,,,
172566.0,,,,,,,,,,,,,,
172567.0,,,,,,,,,,,,,,
172568.0,,,,,,,,,,,,,,
172569.0,,,,,,,,,,,,,,
172570.0,,,,,,,,,,,,,,
172571.0,,,,,,,,,,,,,,
172572.0,,,,,,,,,,,,,,
172573.0,,,,,,,,,,,,,,
172574.0,,,,,,,,,,,,,,
172575.0,,,,,,,,,,,,,,
172576.0,,,,,,,,,,,,,,
172577.0,,,,,,,,,,,,,,
172578.0,,,,,,,,,,,,,,
172579.0,,,,,,,,,,,,,,
172580.0,,,,,,,,,,,,,,
172581.0,,,,,,,,,,,,,,
172582.0,,,,,,,,,,,,,,
172583.0,,,,,,,,,,,,,,
172584.0,,,,,,,,,,,,,,
172585.0,,,,,,,,,,,,,,
172586.0,,,,,,,,,,,,,,
172587.0,,,,,,,,,,,,,,
172588.0,,,,,,,,,,,,,,
172589.0,,,,,,,,,,,,,,
172590.0,,,,,,,,,,,,,,
172591.0,,,,,,,,,,,,,,
172592.0,,,,,,,,,,,,,,
172593.0,,,,,,,,,,,,,,
172594.0,,,,,,,,,,,,,,
172595.0,,,,,,,,,,,,,,
172596.0,,,,,,,,,,,,,,
172597.0,,,,,,,,,,,,,,
172598.0,,,,,,,,,,,,,,
172599.0,,,,,,,,,,,,,,
172600.0,,,,,,,,,,,,,,
172601.0,,,,,,,,,,,,,,
172602.0,,,,,,,,,,,,,,
172603.0,,,,,,,,,,,,,,
172604.0,,,,,,,,,,,,,,
172605.0,,,,,,,,,,,,,,
172606.0,,,,,,,,,,,,,,
172607.0,,,,,,,,,,,,,,
172608.0,,,,,,,,,,,,,,
172609.0,,,,,,,,,,,,,,
172610.0,,,,,,,,,,,,,,
172611.0,,,,,,,,,,,,,,
172612.0,,,,,,,,,,,,,,
172613.0,,,,,,,,,,,,,,
172614.0,,,,,,,,,,,,,,
172615.0,,,,,,,,,,,,,,
172616.0,,,,,,,,,,,,,,
172617.0,,,,,,,,,,,,,,
172618.0,,,,,,,,,,,,,,
172619.0,,,,,,,,,,,,,,
172620.0,,,,,,,,,,,,,,
172621.0,,,,,,,,,,,,,,
172622.0,,,,,,,,,,,,,,
172623.0,,,,,,,,,,,,,,
172624.0,,,,,,,,,,,,,,
172625.0,,,,,,,,,,,,,,
172626.0,,,,,,,,,,,,,,
172627.0,,,,,,,,,,,,,,
172628.0,,,,,,,,,,,,,,
172629.0,,,,,,,,,,,,,,
172630.0,,,,,,,,,,,,,,
172631.0,,,,,,,,,,,,,,
172632.0,,,,,,,,,,,,,,
172633.0,,,,,,,,,,,,,,
172634.0,,,,,,,,,,,,,,
172635.0,,,,,,,,,,,,,,
172636.0,,,,,,,,,,,,,,
172637.0,,,,,,,,,,,,,,
172638.0,,,,,,,,,,,,,,
172639.0,,,,,,,,,,,,,,
172640.0,,,,,,,,,,,,,,
172641.0,,,,,,,,,,,,,,
172642.0,,,,,,,,,,,,,,
172643.0,,,,,,,,,,,,,,
172644.0,,,,,,,,,,,,,,
172645.0,,,,,,,,,,,,,,
172646.0,,,,,,,,,,,,,,
172647.0,,,,,,,,,,,,,,
172648.0,,,,,,,,,,,,,,
172649.0,,,,,,,,,,,,,,
172650.0,,,,,,,,,,,,,,
172651.0,,,,,,,,,,,,,,
172652.0,,,,,,,,,,,,,,
172653.0,,,,,,,,,,,,,,
172654.0,,,,,,,,,,,,,,
172655.0,,,,,,,,,,,,,,
172656.0,,,,,,,,,,,,,,
172657.0,,,,,,,,,,,,,,
172658.0,,,,,,,,,,,,,,
172659.0,,,,,,,,,,,,,,
172660.0,,,,,,,,,,,,,,
172661.0,,,,,,,,,,,,,,
172662.0,,,,,,,,,,,,,,
172663.0,,,,,,,,,,,,,,
172664.0,,,,,,,,,,,,,,
172665.0,,,,,,,,,,,,,,
172666.0,,,,,,,,,,,,,,
172667.0,,,,,,,,,,,,,,
172668.0,,,,,,,,,,,,,,
172669.0,,,,,,,,,,,,,,
172670.0,,,,,,,,,,,,,,
172671.0,,,,,,,,,,,,,,
172672.0,,,,,,,,,,,,,,
172673.0,,,,,,,,,,,,,,
172674.0,,,,,,,,,,,,,,
172675.0,,,,,,,,,,,,,,
172676.0,,,,,,,,,,,,,,
172677.0,,,,,,,,,,,,,,
172678.0,,,,,,,,,,,,,,
172679.0,,,,,,,,,,,,,,
172680.0,,,,,,,,,,,,,,
172681.0,,,,,,,,,,,,,,
172682.0,,,,,,,,,,,,,,
172683.0,,,,,,,,,,,,,,
172684.0,,,,,,,,,,,,,,
172685.0,,,,,,,,,,,,,,
172686.0,,,,,,,,,,,,,,
172687.0,,,,,,,,,,,,,,
172688.0,,,,,,,,,,,,,,
172689.0,,,,,,,,,,,,,,
172690.0,,,,,,,,,,,,,,
172691.0,,,,,,,,,,,,,,
172692.0,,,,,,,,,,,,,,
172693.0,,,,,,,,,,,,,,
172694.0,,,,,,,,,,,,,,
172695.0,,,,,,,,,,,,,,
172696.0,,,,,,,,,,,,,,
172697.0,,,,,,,,,,,,,,
172698.0,,,,,,,,,,,,,,
172699.0,,,,,,,,,,,,,,
172700.0,,,,,,,,,,,,,,
172701.0,,,,,,,,,,,,,,
172702.0,,,,,,,,,,,,,,
172703.0,,,,,,,,,,,,,,
172704.0,,,,,,,,,,,,,,
172705.0,,,,,,,,,,,,,,
172706.0,,,,,,,,,,,,,,
172707.0,,,,,,,,,,,,,,
172708.0,,,,,,,,,,,,,,
172709.0,,,,,,,,,,,,,,
172710.0,,,,,,,,,,,,,,
172711.0,,,,,,,,,,,,,,
172712.0,,,,,,,,,,,,,,
172713.0,,,,,,,,,,,,,,
172714.0,,,,,,,,,,,,,,
172715.0,,,,,,,,,,,,,,
172716.0,,,,,,,,,,,,,,
172717.0,,,,,,,,,,,,,,
172718.0,,,,,,,,,,,,,,
172719.0,,,,,,,,,,,,,,
172720.0,,,,,,,,,,,,,,
172721.0,,,,,,,,,,,,,,
172722.0,,,,,,,,,,,,,,
172723.0,,,,,,,,,,,,,,
172724.0,,,,,,,,,,,,,,
172725.0,,,,,,,,,,,,,,
172726.0,,,,,,,,,,,,,,
172727.0,,,,,,,,,,,,,,
172728.0,,,,,,,,,,,,,,
172729.0,,,,,,,,,,,,,,
172730.0,,,,,,,,,,,,,,
172731.0,,,,,,,,,,,,,,
172732.0,,,,,,,,,,,,,,
172733.0,,,,,,,,,,,,,,
172734.0,,,,,,,,,,,,,,
172735.0,,,,,,,,,,,,,,
172736.0,,,,,,,,,,,,,,
172737.0,,,,,,,,,,,,,,
172738.0,,,,,,,,,,,,,,
172739.0,,,,,,,,,,,,,,
172740.0,,,,,,,,,,,,,,
172741.0,,,,,,,,,,,,,,
172742.0,,,,,,,,,,,,,,
172743.0,,,,,,,,,,,,,,
172744.0,,,,,,,,,,,,,,
172745.0,,,,,,,,,,,,,,
172746.0,,,,,,,,,,,,,,
172747.0,,,,,,,,,,,,,,
172748.0,,,,,,,,,,,,,,
172749.0,,,,,,,,,,,,,,
172750.0,,,,,,,,,,,,,,
172751.0,,,,,,,,,,,,,,
172752.0,,,,,,,,,,,,,,
172753.0,,,,,,,,,,,,,,
172754.0,,,,,,,,,,,,,,
172755.0,,,,,,,,,,,,,,
172756.0,,,,,,,,,,,,,,
172757.0,,,,,,,,,,,,,,
172758.0,,,,,,,,,,,,,,
172759.0,,,,,,,,,,,,,,
172760.0,,,,,,,,,,,,,,
172761.0,,,,,,,,,,,,,,
172762.0,,,,,,,,,,,,,,
172763.0,,,,,,,,,,,,,,
172764.0,,,,,,,,,,,,,,
172765.0,,,,,,,,,,,,,,
172766.0,,,,,,,,,,,,,,
172767.0,,,,,,,,,,,,,,
172768.0,,,,,,,,,,,,,,
172769.0,,,,,,,,,,,,,,
172770.0,,,,,,,,,,,,,,
172771.0,,,,,,,,,,,,,,
172772.0,,,,,,,,,,,,,,
172773.0,,,,,,,,,,,,,,
172774.0,,,,,,,,,,,,,,
172775.0,,,,,,,,,,,,,,
172776.0,,,,,,,,,,,,,,
172777.0,,,,,,,,,,,,,,
172778.0,,,,,,,,,,,,,,
172779.0,,,,,,,,,,,,,,
172780.0,,,,,,,,,,,,,,
172781.0,,,,,,,,,,,,,,
172782.0,,,,,,,,,,,,,,
172783.0,,,,,,,,,,,,,,
172784.0,,,,,,,,,,,,,,
172785.0,,,,,,,,,,,,,,
172786.0,,,,,,,,,,,,,,
172787.0,,,,,,,,,,,,,,
172788.0,,,,,,,,,,,,,,
172789.0,,,,,,,,,,,,,,
172790.0,,,,,,,,,,,,,,
172791.0,,,,,,,,,,,,,,
172792.0,,,,,,,,,,,,,,
172793.0,,,,,,,,,,,,,,
172794.0,,,,,,,,,,,,,,
172795.0,,,,,,,,,,,,,,
172796.0,,,,,,,,,,,,,,
172797.0,,,,,,,,,,,,,,
172798.0,,,,,,,,,,,,,,
172799.0,,,,,,,,,,,,,,
172800.0,,,,,,,,,,,,,,
172801.0,,,,,,,,,,,,,,
172802.0,,,,,,,,,,,,,,
172803.0,,,,,,,,,,,,,,
172804.0,,,,,,,,,,,,,,
172805.0,,,,,,,,,,,,,,
172806.0,,,,,,,,,,,,,,
172807.0,,,,,,,,,,,,,,
172808.0,,,,,,,,,,,,,,
172809.0,,,,,,,,,,,,,,
172810.0,,,,,,,,,,,,,,
172811.0,,,,,,,,,,,,,,
172812.0,,,,,,,,,,,,,,
172813.0,,,,,,,,,,,,,,
172814.0,,,,,,,,,,,,,,
172815.0,,,,,,,,,,,,,,
172816.0,,,,,,,,,,,,,,
172817.0,,,,,,,,,,,,,,
172818.0,,,,,,,,,,,,,,
172819.0,,,,,,,,,,,,,,
172820.0,,,,,,,,,,,,,,
172821.0,,,,,,,,,,,,,,
172822.0,,,,,,,,,,,,,,
172823.0,,,,,,,,,,,,,,
172824.0,,,,,,,,,,,,,,
172825.0,,,,,,,,,,,,,,
172826.0,,,,,,,,,,,,,,
172827.0,,,,,,,,,,,,,,
172828.0,,,,,,,,,,,,,,
172829.0,,,,,,,,,,,,,,
172830.0,,,,,,,,,,,,,,
172831.0,,,,,,,,,,,,,,
172832.0,,,,,,,,,,,,,,
172833.0,,,,,,,,,,,,,,
172834.0,,,,,,,,,,,,,,
172835.0,,,,,,,,,,,,,,
172836.0,,,,,,,,,,,,,,
172837.0,,,,,,,,,,,,,,
172838.0,,,,,,,,,,,,,,
172839.0,,,,,,,,,,,,,,
172840.0,,,,,,,,,,,,,,
172841.0,,,,,,,,,,,,,,
172842.0,,,,,,,,,,,,,,
172843.0,,,,,,,,,,,,,,
172844.0,,,,,,,,,,,,,,
172845.0,,,,,,,,,,,,,,
172846.0,,,,,,,,,,,,,,
172847.0,,,,,,,,,,,,,,
172848.0,,,,,,,,,,,,,,
172849.0,,,,,,,,,,,,,,
172850.0,,,,,,,,,,,,,,
172851.0,,,,,,,,,,,,,,
172852.0,,,,,,,,,,,,,,
172853.0,,,,,,,,,,,,,,
172854.0,,,,,,,,,,,,,,
172855.0,,,,,,,,,,,,,,
172856.0,,,,,,,,,,,,,,
172857.0,,,,,,,,,,,,,,
172858.0,,,,,,,,,,,,,,
172859.0,,,,,,,,,,,,,,
172860.0,,,,,,,,,,,,,,
172861.0,,,,,,,,,,,,,,
172862.0,,,,,,,,,,,,,,
172863.0,,,,,,,,,,,,,,
172864.0,,,,,,,,,,,,,,
172865.0,,,,,,,,,,,,,,
172866.0,,,,,,,,,,,,,,
172867.0,,,,,,,,,,,,,,
172868.0,,,,,,,,,,,,,,
172869.0,,,,,,,,,,,,,,
172870.0,,,,,,,,,,,,,,
172871.0,,,,,,,,,,,,,,
172872.0,,,,,,,,,,,,,,
172873.0,,,,,,,,,,,,,,
172874.0,,,,,,,,,,,,,,
172875.0,,,,,,,,,,,,,,
172876.0,,,,,,,,,,,,,,
172877.0,,,,,,,,,,,,,,
172878.0,,,,,,,,,,,,,,
172879.0,,,,,,,,,,,,,,
172880.0,,,,,,,,,,,,,,
172881.0,,,,,,,,,,,,,,
172882.0,,,,,,,,,,,,,,
172883.0,,,,,,,,,,,,,,
172884.0,,,,,,,,,,,,,,
172885.0,,,,,,,,,,,,,,
172886.0,,,,,,,,,,,,,,
172887.0,,,,,,,,,,,,,,
172888.0,,,,,,,,,,,,,,
172889.0,,,,,,,,,,,,,,
172890.0,,,,,,,,,,,,,,
172891.0,,,,,,,,,,,,,,
172892.0,,,,,,,,,,,,,,
172893.0,,,,,,,,,,,,,,
172894.0,,,,,,,,,,,,,,
172895.0,,,,,,,,,,,,,,
172896.0,,,,,,,,,,,,,,
172897.0,,,,,,,,,,,,,,
172898.0,,,,,,,,,,,,,,
172899.0,,,,,,,,,,,,,,
172900.0,,,,,,,,,,,,,,
172901.0,,,,,,,,,,,,,,
172902.0,,,,,,,,,,,,,,
172903.0,,,,,,,,,,,,,,
172904.0,,,,,,,,,,,,,,
172905.0,,,,,,,,,,,,,,
172906.0,,,,,,,,,,,,,,
172907.0,,,,,,,,,,,,,,
172908.0,,,,,,,,,,,,,,
172909.0,,,,,,,,,,,,,,
172910.0,,,,,,,,,,,,,,
172911.0,,,,,,,,,,,,,,
172912.0,,,,,,,,,,,,,,
172913.0,,,,,,,,,,,,,,
172914.0,,,,,,,,,,,,,,
172915.0,,,,,,,,,,,,,,
172916.0,,,,,,,,,,,,,,
172917.0,,,,,,,,,,,,,,
172918.0,,,,,,,,,,,,,,
172919.0,,,,,,,,,,,,,,
172920.0,,,,,,,,,,,,,,
172921.0,,,,,,,,,,,,,,
172922.0,,,,,,,,,,,,,,
172923.0,,,,,,,,,,,,,,
172924.0,,,,,,,,,,,,,,
172925.0,,,,,,,,,,,,,,
172926.0,,,,,,,,,,,,,,
172927.0,,,,,,,,,,,,,,
172928.0,,,,,,,,,,,,,,
172929.0,,,,,,,,,,,,,,
172930.0,,,,,,,,,,,,,,
172931.0,,,,,,,,,,,,,,
172932.0,,,,,,,,,,,,,,
172933.0,,,,,,,,,,,,,,
172934.0,,,,,,,,,,,,,,
172935.0,,,,,,,,,,,,,,
172936.0,,,,,,,,,,,,,,
172937.0,,,,,,,,,,,,,,
172938.0,,,,,,,,,,,,,,
172939.0,,,,,,,,,,,,,,
172940.0,,,,,,,,,,,,,,
172941.0,,,,,,,,,,,,,,
172942.0,,,,,,,,,,,,,,
172943.0,,,,,,,,,,,,,,
172944.0,,,,,,,,,,,,,,
172945.0,,,,,,,,,,,,,,
172946.0,,,,,,,,,,,,,,
172947.0,,,,,,,,,,,,,,
172948.0,,,,,,,,,,,,,,
172949.0,,,,,,,,,,,,,,
172950.0,,,,,,,,,,,,,,
172951.0,,,,,,,,,,,,,,
172952.0,,,,,,,,,,,,,,
172953.0,,,,,,,,,,,,,,
172954.0,,,,,,,,,,,,,,
172955.0,,,,,,,,,,,,,,
172956.0,,,,,,,,,,,,,,
172957.0,,,,,,,,,,,,,,
172958.0,,,,,,,,,,,,,,
172959.0,,,,,,,,,,,,,,
172960.0,,,,,,,,,,,,,,
172961.0,,,,,,,,,,,,,,
172962.0,,,,,,,,,,,,,,
172963.0,,,,,,,,,,,,,,
172964.0,,,,,,,,,,,,,,
172965.0,,,,,,,,,,,,,,
172966.0,,,,,,,,,,,,,,
172967.0,,,,,,,,,,,,,,
172968.0,,,,,,,,,,,,,,
172969.0,,,,,,,,,,,,,,
172970.0,,,,,,,,,,,,,,
172971.0,,,,,,,,,,,,,,
172972.0,,,,,,,,,,,,,,
172973.0,,,,,,,,,,,,,,
172974.0,,,,,,,,,,,,,,
172975.0,,,,,,,,,,,,,,
172976.0,,,,,,,,,,,,,,
172977.0,,,,,,,,,,,,,,
172978.0,,,,,,,,,,,,,,
172979.0,,,,,,,,,,,,,,
172980.0,,,,,,,,,,,,,,
172981.0,,,,,,,,,,,,,,
172982.0,,,,,,,,,,,,,,
172983.0,,,,,,,,,,,,,,
172984.0,,,,,,,,,,,,,,
172985.0,,,,,,,,,,,,,,
172986.0,,,,,,,,,,,,,,
172987.0,,,,,,,,,,,,,,
172988.0,,,,,,,,,,,,,,
172989.0,,,,,,,,,,,,,,
172990.0,,,,,,,,,,,,,,
172991.0,,,,,,,,,,,,,,
172992.0,,,,,,,,,,,,,,
172993.0,,,,,,,,,,,,,,
172994.0,,,,,,,,,,,,,,
172995.0,,,,,,,,,,,,,,
172996.0,,,,,,,,,,,,,,
172997.0,,,,,,,,,,,,,,
172998.0,,,,,,,,,,,,,,
172999.0,,,,,,,,,,,,,,
173000.0,,,,,,,,,,,,,,
173001.0,,,,,,,,,,,,,,
173002.0,,,,,,,,,,,,,,
173003.0,,,,,,,,,,,,,,
173004.0,,,,,,,,,,,,,,
173005.0,,,,,,,,,,,,,,
173006.0,,,,,,,,,,,,,,
173007.0,,,,,,,,,,,,,,
173008.0,,,,,,,,,,,,,,
173009.0,,,,,,,,,,,,,,
173010.0,,,,,,,,,,,,,,
173011.0,,,,,,,,,,,,,,
173012.0,,,,,,,,,,,,,,
173013.0,,,,,,,,,,,,,,
173014.0,,,,,,,,,,,,,,
173015.0,,,,,,,,,,,,,,
173016.0,,,,,,,,,,,,,,
173017.0,,,,,,,,,,,,,,
173018.0,,,,,,,,,,,,,,
173019.0,,,,,,,,,,,,,,
173020.0,,,,,,,,,,,,,,
173021.0,,,,,,,,,,,,,,
173022.0,,,,,,,,,,,,,,
173023.0,,,,,,,,,,,,,,
173024.0,,,,,,,,,,,,,,
173025.0,,,,,,,,,,,,,,
173026.0,,,,,,,,,,,,,,
173027.0,,,,,,,,,,,,,,
173028.0,,,,,,,,,,,,,,
173029.0,,,,,,,,,,,,,,
173030.0,,,,,,,,,,,,,,
173031.0,,,,,,,,,,,,,,
173032.0,,,,,,,,,,,,,,
173033.0,,,,,,,,,,,,,,
173034.0,,,,,,,,,,,,,,
173035.0,,,,,,,,,,,,,,
173036.0,,,,,,,,,,,,,,
173037.0,,,,,,,,,,,,,,
173038.0,,,,,,,,,,,,,,
173039.0,,,,,,,,,,,,,,
173040.0,,,,,,,,,,,,,,
173041.0,,,,,,,,,,,,,,
173042.0,,,,,,,,,,,,,,
173043.0,,,,,,,,,,,,,,
173044.0,,,,,,,,,,,,,,
173045.0,,,,,,,,,,,,,,
173046.0,,,,,,,,,,,,,,
173047.0,,,,,,,,,,,,,,
173048.0,,,,,,,,,,,,,,
173049.0,,,,,,,,,,,,,,
173050.0,,,,,,,,,,,,,,
173051.0,,,,,,,,,,,,,,
173052.0,,,,,,,,,,,,,,
173053.0,,,,,,,,,,,,,,
173054.0,,,,,,,,,,,,,,
173055.0,,,,,,,,,,,,,,
173056.0,,,,,,,,,,,,,,
173057.0,,,,,,,,,,,,,,
173058.0,,,,,,,,,,,,,,
173059.0,,,,,,,,,,,,,,
173060.0,,,,,,,,,,,,,,
173061.0,,,,,,,,,,,,,,
173062.0,,,,,,,,,,,,,,
173063.0,,,,,,,,,,,,,,
173064.0,,,,,,,,,,,,,,
173065.0,,,,,,,,,,,,,,
173066.0,,,,,,,,,,,,,,
173067.0,,,,,,,,,,,,,,
173068.0,,,,,,,,,,,,,,
173069.0,,,,,,,,,,,,,,
173070.0,,,,,,,,,,,,,,
173071.0,,,,,,,,,,,,,,
173072.0,,,,,,,,,,,,,,
173073.0,,,,,,,,,,,,,,
173074.0,,,,,,,,,,,,,,
173075.0,,,,,,,,,,,,,,
173076.0,,,,,,,,,,,,,,
173077.0,,,,,,,,,,,,,,
173078.0,,,,,,,,,,,,,,
173079.0,,,,,,,,,,,,,,
173080.0,,,,,,,,,,,,,,
173081.0,,,,,,,,,,,,,,
173082.0,,,,,,,,,,,,,,
173083.0,,,,,,,,,,,,,,
173084.0,,,,,,,,,,,,,,
173085.0,,,,,,,,,,,,,,
173086.0,,,,,,,,,,,,,,
173087.0,,,,,,,,,,,,,,
173088.0,,,,,,,,,,,,,,
173089.0,,,,,,,,,,,,,,
173090.0,,,,,,,,,,,,,,
173091.0,,,,,,,,,,,,,,
173092.0,,,,,,,,,,,,,,
173093.0,,,,,,,,,,,,,,
173094.0,,,,,,,,,,,,,,
173095.0,,,,,,,,,,,,,,
173096.0,,,,,,,,,,,,,,
173097.0,,,,,,,,,,,,,,
173098.0,,,,,,,,,,,,,,
173099.0,,,,,,,,,,,,,,
173100.0,,,,,,,,,,,,,,
173101.0,,,,,,,,,,,,,,
173102.0,,,,,,,,,,,,,,
173103.0,,,,,,,,,,,,,,
173104.0,,,,,,,,,,,,,,
173105.0,,,,,,,,,,,,,,
173106.0,,,,,,,,,,,,,,
173107.0,,,,,,,,,,,,,,
173108.0,,,,,,,,,,,,,,
173109.0,,,,,,,,,,,,,,
173110.0,,,,,,,,,,,,,,
173111.0,,,,,,,,,,,,,,
173112.0,,,,,,,,,,,,,,
173113.0,,,,,,,,,,,,,,
173114.0,,,,,,,,,,,,,,
173115.0,,,,,,,,,,,,,,
173116.0,,,,,,,,,,,,,,
173117.0,,,,,,,,,,,,,,
173118.0,,,,,,,,,,,,,,
173119.0,,,,,,,,,,,,,,
173120.0,,,,,,,,,,,,,,
173121.0,,,,,,,,,,,,,,
173122.0,,,,,,,,,,,,,,
173123.0,,,,,,,,,,,,,,
173124.0,,,,,,,,,,,,,,
173125.0,,,,,,,,,,,,,,
173126.0,,,,,,,,,,,,,,
173127.0,,,,,,,,,,,,,,
173128.0,,,,,,,,,,,,,,
173129.0,,,,,,,,,,,,,,
173130.0,,,,,,,,,,,,,,
173131.0,,,,,,,,,,,,,,
173132.0,,,,,,,,,,,,,,
173133.0,,,,,,,,,,,,,,
173134.0,,,,,,,,,,,,,,
173135.0,,,,,,,,,,,,,,
173136.0,,,,,,,,,,,,,,
173137.0,,,,,,,,,,,,,,
173138.0,,,,,,,,,,,,,,
173139.0,,,,,,,,,,,,,,
173140.0,,,,,,,,,,,,,,
173141.0,,,,,,,,,,,,,,
173142.0,,,,,,,,,,,,,,
173143.0,,,,,,,,,,,,,,
173144.0,,,,,,,,,,,,,,
173145.0,,,,,,,,,,,,,,
173146.0,,,,,,,,,,,,,,
173147.0,,,,,,,,,,,,,,
173148.0,,,,,,,,,,,,,,
173149.0,,,,,,,,,,,,,,
173150.0,,,,,,,,,,,,,,
173151.0,,,,,,,,,,,,,,
173152.0,,,,,,,,,,,,,,
173153.0,,,,,,,,,,,,,,
173154.0,,,,,,,,,,,,,,
173155.0,,,,,,,,,,,,,,
173156.0,,,,,,,,,,,,,,
173157.0,,,,,,,,,,,,,,
173158.0,,,,,,,,,,,,,,
173159.0,,,,,,,,,,,,,,
173160.0,,,,,,,,,,,,,,
173161.0,,,,,,,,,,,,,,
173162.0,,,,,,,,,,,,,,
173163.0,,,,,,,,,,,,,,
173164.0,,,,,,,,,,,,,,
173165.0,,,,,,,,,,,,,,
173166.0,,,,,,,,,,,,,,
173167.0,,,,,,,,,,,,,,
173168.0,,,,,,,,,,,,,,
173169.0,,,,,,,,,,,,,,
173170.0,,,,,,,,,,,,,,
173171.0,,,,,,,,,,,,,,
173172.0,,,,,,,,,,,,,,
173173.0,,,,,,,,,,,,,,
173174.0,,,,,,,,,,,,,,
173175.0,,,,,,,,,,,,,,
173176.0,,,,,,,,,,,,,,
173177.0,,,,,,,,,,,,,,
173178.0,,,,,,,,,,,,,,
173179.0,,,,,,,,,,,,,,
173180.0,,,,,,,,,,,,,,
173181.0,,,,,,,,,,,,,,
173182.0,,,,,,,,,,,,,,
173183.0,,,,,,,,,,,,,,
173184.0,,,,,,,,,,,,,,
173185.0,,,,,,,,,,,,,,
173186.0,,,,,,,,,,,,,,
173187.0,,,,,,,,,,,,,,
173188.0,,,,,,,,,,,,,,
173189.0,,,,,,,,,,,,,,
173190.0,,,,,,,,,,,,,,
173191.0,,,,,,,,,,,,,,
173192.0,,,,,,,,,,,,,,
173193.0,,,,,,,,,,,,,,
173194.0,,,,,,,,,,,,,,
173195.0,,,,,,,,,,,,,,
173196.0,,,,,,,,,,,,,,
173197.0,,,,,,,,,,,,,,
173198.0,,,,,,,,,,,,,,
173199.0,,,,,,,,,,,,,,
173200.0,,,,,,,,,,,,,,
173201.0,,,,,,,,,,,,,,
173202.0,,,,,,,,,,,,,,
173203.0,,,,,,,,,,,,,,
173204.0,,,,,,,,,,,,,,
173205.0,,,,,,,,,,,,,,
173206.0,,,,,,,,,,,,,,
173207.0,,,,,,,,,,,,,,
173208.0,,,,,,,,,,,,,,
173209.0,,,,,,,,,,,,,,
173210.0,,,,,,,,,,,,,,
173211.0,,,,,,,,,,,,,,
173212.0,,,,,,,,,,,,,,
173213.0,,,,,,,,,,,,,,
173214.0,,,,,,,,,,,,,,
173215.0,,,,,,,,,,,,,,
173216.0,,,,,,,,,,,,,,
173217.0,,,,,,,,,,,,,,
173218.0,,,,,,,,,,,,,,
173219.0,,,,,,,,,,,,,,
173220.0,,,,,,,,,,,,,,
173221.0,,,,,,,,,,,,,,
173222.0,,,,,,,,,,,,,,
173223.0,,,,,,,,,,,,,,
173224.0,,,,,,,,,,,,,,
173225.0,,,,,,,,,,,,,,
173226.0,,,,,,,,,,,,,,
173227.0,,,,,,,,,,,,,,
173228.0,,,,,,,,,,,,,,
173229.0,,,,,,,,,,,,,,
173230.0,,,,,,,,,,,,,,
173231.0,,,,,,,,,,,,,,
173232.0,,,,,,,,,,,,,,
173233.0,,,,,,,,,,,,,,
173234.0,,,,,,,,,,,,,,
173235.0,,,,,,,,,,,,,,
173236.0,,,,,,,,,,,,,,
173237.0,,,,,,,,,,,,,,
173238.0,,,,,,,,,,,,,,
173239.0,,,,,,,,,,,,,,
173240.0,,,,,,,,,,,,,,
173241.0,,,,,,,,,,,,,,
173242.0,,,,,,,,,,,,,,
173243.0,,,,,,,,,,,,,,
173244.0,,,,,,,,,,,,,,
173245.0,,,,,,,,,,,,,,
173246.0,,,,,,,,,,,,,,
173247.0,,,,,,,,,,,,,,
173248.0,,,,,,,,,,,,,,
173249.0,,,,,,,,,,,,,,
173250.0,,,,,,,,,,,,,,
173251.0,,,,,,,,,,,,,,
173252.0,,,,,,,,,,,,,,
173253.0,,,,,,,,,,,,,,
173254.0,,,,,,,,,,,,,,
173255.0,,,,,,,,,,,,,,
173256.0,,,,,,,,,,,,,,
173257.0,,,,,,,,,,,,,,
173258.0,,,,,,,,,,,,,,
173259.0,,,,,,,,,,,,,,
173260.0,,,,,,,,,,,,,,
173261.0,,,,,,,,,,,,,,
173262.0,,,,,,,,,,,,,,
173263.0,,,,,,,,,,,,,,
173264.0,,,,,,,,,,,,,,
173265.0,,,,,,,,,,,,,,
173266.0,,,,,,,,,,,,,,
173267.0,,,,,,,,,,,,,,
173268.0,,,,,,,,,,,,,,
173269.0,,,,,,,,,,,,,,
173270.0,,,,,,,,,,,,,,
173271.0,,,,,,,,,,,,,,
173272.0,,,,,,,,,,,,,,
173273.0,,,,,,,,,,,,,,
173274.0,,,,,,,,,,,,,,
173275.0,,,,,,,,,,,,,,
173276.0,,,,,,,,,,,,,,
173277.0,,,,,,,,,,,,,,
173278.0,,,,,,,,,,,,,,
173279.0,,,,,,,,,,,,,,
173280.0,,,,,,,,,,,,,,
173281.0,,,,,,,,,,,,,,
173282.0,,,,,,,,,,,,,,
173283.0,,,,,,,,,,,,,,
173284.0,,,,,,,,,,,,,,
173285.0,,,,,,,,,,,,,,
173286.0,,,,,,,,,,,,,,
173287.0,,,,,,,,,,,,,,
173288.0,,,,,,,,,,,,,,
173289.0,,,,,,,,,,,,,,
173290.0,,,,,,,,,,,,,,
173291.0,,,,,,,,,,,,,,
173292.0,,,,,,,,,,,,,,
173293.0,,,,,,,,,,,,,,
173294.0,,,,,,,,,,,,,,
173295.0,,,,,,,,,,,,,,
173296.0,,,,,,,,,,,,,,
173297.0,,,,,,,,,,,,,,
173298.0,,,,,,,,,,,,,,
173299.0,,,,,,,,,,,,,,
173300.0,,,,,,,,,,,,,,
173301.0,,,,,,,,,,,,,,
173302.0,,,,,,,,,,,,,,
173303.0,,,,,,,,,,,,,,
173304.0,,,,,,,,,,,,,,
173305.0,,,,,,,,,,,,,,
173306.0,,,,,,,,,,,,,,
173307.0,,,,,,,,,,,,,,
173308.0,,,,,,,,,,,,,,
173309.0,,,,,,,,,,,,,,
173310.0,,,,,,,,,,,,,,
173311.0,,,,,,,,,,,,,,
173312.0,,,,,,,,,,,,,,
173313.0,,,,,,,,,,,,,,
173314.0,,,,,,,,,,,,,,
173315.0,,,,,,,,,,,,,,
173316.0,,,,,,,,,,,,,,
173317.0,,,,,,,,,,,,,,
173318.0,,,,,,,,,,,,,,
173319.0,,,,,,,,,,,,,,
173320.0,,,,,,,,,,,,,,
173321.0,,,,,,,,,,,,,,
173322.0,,,,,,,,,,,,,,
173323.0,,,,,,,,,,,,,,
173324.0,,,,,,,,,,,,,,
173325.0,,,,,,,,,,,,,,
173326.0,,,,,,,,,,,,,,
173327.0,,,,,,,,,,,,,,
173328.0,,,,,,,,,,,,,,
173329.0,,,,,,,,,,,,,,
173330.0,,,,,,,,,,,,,,
173331.0,,,,,,,,,,,,,,
173332.0,,,,,,,,,,,,,,
173333.0,,,,,,,,,,,,,,
173334.0,,,,,,,,,,,,,,
173335.0,,,,,,,,,,,,,,
173336.0,,,,,,,,,,,,,,
173337.0,,,,,,,,,,,,,,
173338.0,,,,,,,,,,,,,,
173339.0,,,,,,,,,,,,,,
173340.0,,,,,,,,,,,,,,
173341.0,,,,,,,,,,,,,,
173342.0,,,,,,,,,,,,,,
173343.0,,,,,,,,,,,,,,
173344.0,,,,,,,,,,,,,,
173345.0,,,,,,,,,,,,,,
173346.0,,,,,,,,,,,,,,
173347.0,,,,,,,,,,,,,,
173348.0,,,,,,,,,,,,,,
173349.0,,,,,,,,,,,,,,
173350.0,,,,,,,,,,,,,,
173351.0,,,,,,,,,,,,,,
173352.0,,,,,,,,,,,,,,
173353.0,,,,,,,,,,,,,,
173354.0,,,,,,,,,,,,,,
173355.0,,,,,,,,,,,,,,
173356.0,,,,,,,,,,,,,,
173357.0,,,,,,,,,,,,,,
173358.0,,,,,,,,,,,,,,
173359.0,,,,,,,,,,,,,,
173360.0,,,,,,,,,,,,,,
173361.0,,,,,,,,,,,,,,
173362.0,,,,,,,,,,,,,,
173363.0,,,,,,,,,,,,,,
173364.0,,,,,,,,,,,,,,
173365.0,,,,,,,,,,,,,,
173366.0,,,,,,,,,,,,,,
173367.0,,,,,,,,,,,,,,
173368.0,,,,,,,,,,,,,,
173369.0,,,,,,,,,,,,,,
173370.0,,,,,,,,,,,,,,
173371.0,,,,,,,,,,,,,,
173372.0,,,,,,,,,,,,,,
173373.0,,,,,,,,,,,,,,
173374.0,,,,,,,,,,,,,,
173375.0,,,,,,,,,,,,,,
173376.0,,,,,,,,,,,,,,
173377.0,,,,,,,,,,,,,,
173378.0,,,,,,,,,,,,,,
173379.0,,,,,,,,,,,,,,
173380.0,,,,,,,,,,,,,,
173381.0,,,,,,,,,,,,,,
173382.0,,,,,,,,,,,,,,
173383.0,,,,,,,,,,,,,,
173384.0,,,,,,,,,,,,,,
173385.0,,,,,,,,,,,,,,
173386.0,,,,,,,,,,,,,,
173387.0,,,,,,,,,,,,,,
173388.0,,,,,,,,,,,,,,
173389.0,,,,,,,,,,,,,,
173390.0,,,,,,,,,,,,,,
173391.0,,,,,,,,,,,,,,
173392.0,,,,,,,,,,,,,,
173393.0,,,,,,,,,,,,,,
173394.0,,,,,,,,,,,,,,
173395.0,,,,,,,,,,,,,,
173396.0,,,,,,,,,,,,,,
173397.0,,,,,,,,,,,,,,
173398.0,,,,,,,,,,,,,,
173399.0,,,,,,,,,,,,,,
173400.0,,,,,,,,,,,,,,
173401.0,,,,,,,,,,,,,,
173402.0,,,,,,,,,,,,,,
173403.0,,,,,,,,,,,,,,
173404.0,,,,,,,,,,,,,,
173405.0,,,,,,,,,,,,,,
173406.0,,,,,,,,,,,,,,
173407.0,,,,,,,,,,,,,,
173408.0,,,,,,,,,,,,,,
173409.0,,,,,,,,,,,,,,
173410.0,,,,,,,,,,,,,,
173411.0,,,,,,,,,,,,,,
173412.0,,,,,,,,,,,,,,
173413.0,,,,,,,,,,,,,,
173414.0,,,,,,,,,,,,,,
173415.0,,,,,,,,,,,,,,
173416.0,,,,,,,,,,,,,,
173417.0,,,,,,,,,,,,,,
173418.0,,,,,,,,,,,,,,
173419.0,,,,,,,,,,,,,,
173420.0,,,,,,,,,,,,,,
173421.0,,,,,,,,,,,,,,
173422.0,,,,,,,,,,,,,,
173423.0,,,,,,,,,,,,,,
173424.0,,,,,,,,,,,,,,
173425.0,,,,,,,,,,,,,,
173426.0,,,,,,,,,,,,,,
173427.0,,,,,,,,,,,,,,
173428.0,,,,,,,,,,,,,,
173429.0,,,,,,,,,,,,,,
173430.0,,,,,,,,,,,,,,
173431.0,,,,,,,,,,,,,,
173432.0,,,,,,,,,,,,,,
173433.0,,,,,,,,,,,,,,
173434.0,,,,,,,,,,,,,,
173435.0,,,,,,,,,,,,,,
173436.0,,,,,,,,,,,,,,
173437.0,,,,,,,,,,,,,,
173438.0,,,,,,,,,,,,,,
173439.0,,,,,,,,,,,,,,
173440.0,,,,,,,,,,,,,,
173441.0,,,,,,,,,,,,,,
173442.0,,,,,,,,,,,,,,
173443.0,,,,,,,,,,,,,,
173444.0,,,,,,,,,,,,,,
173445.0,,,,,,,,,,,,,,
173446.0,,,,,,,,,,,,,,
173447.0,,,,,,,,,,,,,,
173448.0,,,,,,,,,,,,,,
173449.0,,,,,,,,,,,,,,
173450.0,,,,,,,,,,,,,,
173451.0,,,,,,,,,,,,,,
173452.0,,,,,,,,,,,,,,
173453.0,,,,,,,,,,,,,,
173454.0,,,,,,,,,,,,,,
173455.0,,,,,,,,,,,,,,
173456.0,,,,,,,,,,,,,,
173457.0,,,,,,,,,,,,,,
173458.0,,,,,,,,,,,,,,
173459.0,,,,,,,,,,,,,,
173460.0,,,,,,,,,,,,,,
173461.0,,,,,,,,,,,,,,
173462.0,,,,,,,,,,,,,,
173463.0,,,,,,,,,,,,,,
173464.0,,,,,,,,,,,,,,
173465.0,,,,,,,,,,,,,,
173466.0,,,,,,,,,,,,,,
173467.0,,,,,,,,,,,,,,
173468.0,,,,,,,,,,,,,,
173469.0,,,,,,,,,,,,,,
173470.0,,,,,,,,,,,,,,
173471.0,,,,,,,,,,,,,,
173472.0,,,,,,,,,,,,,,
173473.0,,,,,,,,,,,,,,
173474.0,,,,,,,,,,,,,,
173475.0,,,,,,,,,,,,,,
173476.0,,,,,,,,,,,,,,
173477.0,,,,,,,,,,,,,,
173478.0,,,,,,,,,,,,,,
173479.0,,,,,,,,,,,,,,
173480.0,,,,,,,,,,,,,,
173481.0,,,,,,,,,,,,,,
173482.0,,,,,,,,,,,,,,
173483.0,,,,,,,,,,,,,,
173484.0,,,,,,,,,,,,,,
173485.0,,,,,,,,,,,,,,
173486.0,,,,,,,,,,,,,,
173487.0,,,,,,,,,,,,,,
173488.0,,,,,,,,,,,,,,
173489.0,,,,,,,,,,,,,,
173490.0,,,,,,,,,,,,,,
173491.0,,,,,,,,,,,,,,
173492.0,,,,,,,,,,,,,,
173493.0,,,,,,,,,,,,,,
173494.0,,,,,,,,,,,,,,
173495.0,,,,,,,,,,,,,,
173496.0,,,,,,,,,,,,,,
173497.0,,,,,,,,,,,,,,
173498.0,,,,,,,,,,,,,,
173499.0,,,,,,,,,,,,,,
173500.0,,,,,,,,,,,,,,
173501.0,,,,,,,,,,,,,,
173502.0,,,,,,,,,,,,,,
173503.0,,,,,,,,,,,,,,
173504.0,,,,,,,,,,,,,,
173505.0,,,,,,,,,,,,,,
173506.0,,,,,,,,,,,,,,
173507.0,,,,,,,,,,,,,,
173508.0,,,,,,,,,,,,,,
173509.0,,,,,,,,,,,,,,
173510.0,,,,,,,,,,,,,,
173511.0,,,,,,,,,,,,,,
173512.0,,,,,,,,,,,,,,
173513.0,,,,,,,,,,,,,,
173514.0,,,,,,,,,,,,,,
173515.0,,,,,,,,,,,,,,
173516.0,,,,,,,,,,,,,,
173517.0,,,,,,,,,,,,,,
173518.0,,,,,,,,,,,,,,
173519.0,,,,,,,,,,,,,,
173520.0,,,,,,,,,,,,,,
173521.0,,,,,,,,,,,,,,
173522.0,,,,,,,,,,,,,,
173523.0,,,,,,,,,,,,,,
173524.0,,,,,,,,,,,,,,
173525.0,,,,,,,,,,,,,,
173526.0,,,,,,,,,,,,,,
173527.0,,,,,,,,,,,,,,
173528.0,,,,,,,,,,,,,,
173529.0,,,,,,,,,,,,,,
173530.0,,,,,,,,,,,,,,
173531.0,,,,,,,,,,,,,,
173532.0,,,,,,,,,,,,,,
173533.0,,,,,,,,,,,,,,
173534.0,,,,,,,,,,,,,,
173535.0,,,,,,,,,,,,,,
173536.0,,,,,,,,,,,,,,
173537.0,,,,,,,,,,,,,,
173538.0,,,,,,,,,,,,,,
173539.0,,,,,,,,,,,,,,
173540.0,,,,,,,,,,,,,,
173541.0,,,,,,,,,,,,,,
173542.0,,,,,,,,,,,,,,
173543.0,,,,,,,,,,,,,,
173544.0,,,,,,,,,,,,,,
173545.0,,,,,,,,,,,,,,
173546.0,,,,,,,,,,,,,,
173547.0,,,,,,,,,,,,,,
173548.0,,,,,,,,,,,,,,
173549.0,,,,,,,,,,,,,,
173550.0,,,,,,,,,,,,,,
173551.0,,,,,,,,,,,,,,
173552.0,,,,,,,,,,,,,,
173553.0,,,,,,,,,,,,,,
173554.0,,,,,,,,,,,,,,
173555.0,,,,,,,,,,,,,,
173556.0,,,,,,,,,,,,,,
173557.0,,,,,,,,,,,,,,
173558.0,,,,,,,,,,,,,,
173559.0,,,,,,,,,,,,,,
173560.0,,,,,,,,,,,,,,
173561.0,,,,,,,,,,,,,,
173562.0,,,,,,,,,,,,,,
173563.0,,,,,,,,,,,,,,
173564.0,,,,,,,,,,,,,,
173565.0,,,,,,,,,,,,,,
173566.0,,,,,,,,,,,,,,
173567.0,,,,,,,,,,,,,,
173568.0,,,,,,,,,,,,,,
173569.0,,,,,,,,,,,,,,
173570.0,,,,,,,,,,,,,,
173571.0,,,,,,,,,,,,,,
173572.0,,,,,,,,,,,,,,
173573.0,,,,,,,,,,,,,,
173574.0,,,,,,,,,,,,,,
173575.0,,,,,,,,,,,,,,
173576.0,,,,,,,,,,,,,,
173577.0,,,,,,,,,,,,,,
173578.0,,,,,,,,,,,,,,
173579.0,,,,,,,,,,,,,,
173580.0,,,,,,,,,,,,,,
173581.0,,,,,,,,,,,,,,
173582.0,,,,,,,,,,,,,,
173583.0,,,,,,,,,,,,,,
173584.0,,,,,,,,,,,,,,
173585.0,,,,,,,,,,,,,,
173586.0,,,,,,,,,,,,,,
173587.0,,,,,,,,,,,,,,
173588.0,,,,,,,,,,,,,,
173589.0,,,,,,,,,,,,,,
173590.0,,,,,,,,,,,,,,
173591.0,,,,,,,,,,,,,,
173592.0,,,,,,,,,,,,,,
173593.0,,,,,,,,,,,,,,
173594.0,,,,,,,,,,,,,,
173595.0,,,,,,,,,,,,,,
173596.0,,,,,,,,,,,,,,
173597.0,,,,,,,,,,,,,,
173598.0,,,,,,,,,,,,,,
173599.0,,,,,,,,,,,,,,
173600.0,,,,,,,,,,,,,,
173601.0,,,,,,,,,,,,,,
173602.0,,,,,,,,,,,,,,
173603.0,,,,,,,,,,,,,,
173604.0,,,,,,,,,,,,,,
173605.0,,,,,,,,,,,,,,
173606.0,,,,,,,,,,,,,,
173607.0,,,,,,,,,,,,,,
173608.0,,,,,,,,,,,,,,
173609.0,,,,,,,,,,,,,,
173610.0,,,,,,,,,,,,,,
173611.0,,,,,,,,,,,,,,
173612.0,,,,,,,,,,,,,,
173613.0,,,,,,,,,,,,,,
173614.0,,,,,,,,,,,,,,
173615.0,,,,,,,,,,,,,,
173616.0,,,,,,,,,,,,,,
173617.0,,,,,,,,,,,,,,
173618.0,,,,,,,,,,,,,,
173619.0,,,,,,,,,,,,,,
173620.0,,,,,,,,,,,,,,
173621.0,,,,,,,,,,,,,,
173622.0,,,,,,,,,,,,,,
173623.0,,,,,,,,,,,,,,
173624.0,,,,,,,,,,,,,,
173625.0,,,,,,,,,,,,,,
173626.0,,,,,,,,,,,,,,
173627.0,,,,,,,,,,,,,,
173628.0,,,,,,,,,,,,,,
173629.0,,,,,,,,,,,,,,
173630.0,,,,,,,,,,,,,,
173631.0,,,,,,,,,,,,,,
173632.0,,,,,,,,,,,,,,
173633.0,,,,,,,,,,,,,,
173634.0,,,,,,,,,,,,,,
173635.0,,,,,,,,,,,,,,
173636.0,,,,,,,,,,,,,,
173637.0,,,,,,,,,,,,,,
173638.0,,,,,,,,,,,,,,
173639.0,,,,,,,,,,,,,,
173640.0,,,,,,,,,,,,,,
173641.0,,,,,,,,,,,,,,
173642.0,,,,,,,,,,,,,,
173643.0,,,,,,,,,,,,,,
173644.0,,,,,,,,,,,,,,
173645.0,,,,,,,,,,,,,,
173646.0,,,,,,,,,,,,,,
173647.0,,,,,,,,,,,,,,
173648.0,,,,,,,,,,,,,,
173649.0,,,,,,,,,,,,,,
173650.0,,,,,,,,,,,,,,
173651.0,,,,,,,,,,,,,,
173652.0,,,,,,,,,,,,,,
173653.0,,,,,,,,,,,,,,
173654.0,,,,,,,,,,,,,,
173655.0,,,,,,,,,,,,,,
173656.0,,,,,,,,,,,,,,
173657.0,,,,,,,,,,,,,,
173658.0,,,,,,,,,,,,,,
173659.0,,,,,,,,,,,,,,
173660.0,,,,,,,,,,,,,,
173661.0,,,,,,,,,,,,,,
173662.0,,,,,,,,,,,,,,
173663.0,,,,,,,,,,,,,,
173664.0,,,,,,,,,,,,,,
173665.0,,,,,,,,,,,,,,
173666.0,,,,,,,,,,,,,,
173667.0,,,,,,,,,,,,,,
173668.0,,,,,,,,,,,,,,
173669.0,,,,,,,,,,,,,,
173670.0,,,,,,,,,,,,,,
173671.0,,,,,,,,,,,,,,
173672.0,,,,,,,,,,,,,,
173673.0,,,,,,,,,,,,,,
173674.0,,,,,,,,,,,,,,
173675.0,,,,,,,,,,,,,,
173676.0,,,,,,,,,,,,,,
173677.0,,,,,,,,,,,,,,
173678.0,,,,,,,,,,,,,,
173679.0,,,,,,,,,,,,,,
173680.0,,,,,,,,,,,,,,
173681.0,,,,,,,,,,,,,,
173682.0,,,,,,,,,,,,,,
173683.0,,,,,,,,,,,,,,
173684.0,,,,,,,,,,,,,,
173685.0,,,,,,,,,,,,,,
173686.0,,,,,,,,,,,,,,
173687.0,,,,,,,,,,,,,,
173688.0,,,,,,,,,,,,,,
173689.0,,,,,,,,,,,,,,
173690.0,,,,,,,,,,,,,,
173691.0,,,,,,,,,,,,,,
173692.0,,,,,,,,,,,,,,
173693.0,,,,,,,,,,,,,,
173694.0,,,,,,,,,,,,,,
173695.0,,,,,,,,,,,,,,
173696.0,,,,,,,,,,,,,,
173697.0,,,,,,,,,,,,,,
173698.0,,,,,,,,,,,,,,
173699.0,,,,,,,,,,,,,,
173700.0,,,,,,,,,,,,,,
173701.0,,,,,,,,,,,,,,
173702.0,,,,,,,,,,,,,,
173703.0,,,,,,,,,,,,,,
173704.0,,,,,,,,,,,,,,
173705.0,,,,,,,,,,,,,,
173706.0,,,,,,,,,,,,,,
173707.0,,,,,,,,,,,,,,
173708.0,,,,,,,,,,,,,,
173709.0,,,,,,,,,,,,,,
173710.0,,,,,,,,,,,,,,
173711.0,,,,,,,,,,,,,,
173712.0,,,,,,,,,,,,,,
173713.0,,,,,,,,,,,,,,
173714.0,,,,,,,,,,,,,,
173715.0,,,,,,,,,,,,,,
173716.0,,,,,,,,,,,,,,
173717.0,,,,,,,,,,,,,,
173718.0,,,,,,,,,,,,,,
173719.0,,,,,,,,,,,,,,
173720.0,,,,,,,,,,,,,,
173721.0,,,,,,,,,,,,,,
173722.0,,,,,,,,,,,,,,
173723.0,,,,,,,,,,,,,,
173724.0,,,,,,,,,,,,,,
173725.0,,,,,,,,,,,,,,
173726.0,,,,,,,,,,,,,,
173727.0,,,,,,,,,,,,,,
173728.0,,,,,,,,,,,,,,
173729.0,,,,,,,,,,,,,,
173730.0,,,,,,,,,,,,,,
173731.0,,,,,,,,,,,,,,
173732.0,,,,,,,,,,,,,,
173733.0,,,,,,,,,,,,,,
173734.0,,,,,,,,,,,,,,
173735.0,,,,,,,,,,,,,,
173736.0,,,,,,,,,,,,,,
173737.0,,,,,,,,,,,,,,
173738.0,,,,,,,,,,,,,,
173739.0,,,,,,,,,,,,,,
173740.0,,,,,,,,,,,,,,
173741.0,,,,,,,,,,,,,,
173742.0,,,,,,,,,,,,,,
173743.0,,,,,,,,,,,,,,
173744.0,,,,,,,,,,,,,,
173745.0,,,,,,,,,,,,,,
173746.0,,,,,,,,,,,,,,
173747.0,,,,,,,,,,,,,,
173748.0,,,,,,,,,,,,,,
173749.0,,,,,,,,,,,,,,
173750.0,,,,,,,,,,,,,,
173751.0,,,,,,,,,,,,,,
173752.0,,,,,,,,,,,,,,
173753.0,,,,,,,,,,,,,,
173754.0,,,,,,,,,,,,,,
173755.0,,,,,,,,,,,,,,
173756.0,,,,,,,,,,,,,,
173757.0,,,,,,,,,,,,,,
173758.0,,,,,,,,,,,,,,
173759.0,,,,,,,,,,,,,,
173760.0,,,,,,,,,,,,,,
173761.0,,,,,,,,,,,,,,
173762.0,,,,,,,,,,,,,,
173763.0,,,,,,,,,,,,,,
173764.0,,,,,,,,,,,,,,
173765.0,,,,,,,,,,,,,,
173766.0,,,,,,,,,,,,,,
173767.0,,,,,,,,,,,,,,
173768.0,,,,,,,,,,,,,,
173769.0,,,,,,,,,,,,,,
173770.0,,,,,,,,,,,,,,
173771.0,,,,,,,,,,,,,,
173772.0,,,,,,,,,,,,,,
173773.0,,,,,,,,,,,,,,
173774.0,,,,,,,,,,,,,,
173775.0,,,,,,,,,,,,,,
173776.0,,,,,,,,,,,,,,
173777.0,,,,,,,,,,,,,,
173778.0,,,,,,,,,,,,,,
173779.0,,,,,,,,,,,,,,
173780.0,,,,,,,,,,,,,,
173781.0,,,,,,,,,,,,,,
173782.0,,,,,,,,,,,,,,
173783.0,,,,,,,,,,,,,,
173784.0,,,,,,,,,,,,,,
173785.0,,,,,,,,,,,,,,
173786.0,,,,,,,,,,,,,,
173787.0,,,,,,,,,,,,,,
173788.0,,,,,,,,,,,,,,
173789.0,,,,,,,,,,,,,,
173790.0,,,,,,,,,,,,,,
173791.0,,,,,,,,,,,,,,
173792.0,,,,,,,,,,,,,,
173793.0,,,,,,,,,,,,,,
173794.0,,,,,,,,,,,,,,
173795.0,,,,,,,,,,,,,,
173796.0,,,,,,,,,,,,,,
173797.0,,,,,,,,,,,,,,
173798.0,,,,,,,,,,,,,,
173799.0,,,,,,,,,,,,,,
173800.0,,,,,,,,,,,,,,
173801.0,,,,,,,,,,,,,,
173802.0,,,,,,,,,,,,,,
173803.0,,,,,,,,,,,,,,
173804.0,,,,,,,,,,,,,,
173805.0,,,,,,,,,,,,,,
173806.0,,,,,,,,,,,,,,
173807.0,,,,,,,,,,,,,,
173808.0,,,,,,,,,,,,,,
173809.0,,,,,,,,,,,,,,
173810.0,,,,,,,,,,,,,,
173811.0,,,,,,,,,,,,,,
173812.0,,,,,,,,,,,,,,
173813.0,,,,,,,,,,,,,,
173814.0,,,,,,,,,,,,,,
173815.0,,,,,,,,,,,,,,
173816.0,,,,,,,,,,,,,,
173817.0,,,,,,,,,,,,,,
173818.0,,,,,,,,,,,,,,
173819.0,,,,,,,,,,,,,,
173820.0,,,,,,,,,,,,,,
173821.0,,,,,,,,,,,,,,
173822.0,,,,,,,,,,,,,,
173823.0,,,,,,,,,,,,,,
173824.0,,,,,,,,,,,,,,
173825.0,,,,,,,,,,,,,,
173826.0,,,,,,,,,,,,,,
173827.0,,,,,,,,,,,,,,
173828.0,,,,,,,,,,,,,,
173829.0,,,,,,,,,,,,,,
173830.0,,,,,,,,,,,,,,
173831.0,,,,,,,,,,,,,,
173832.0,,,,,,,,,,,,,,
173833.0,,,,,,,,,,,,,,
173834.0,,,,,,,,,,,,,,
173835.0,,,,,,,,,,,,,,
173836.0,,,,,,,,,,,,,,
173837.0,,,,,,,,,,,,,,
173838.0,,,,,,,,,,,,,,
173839.0,,,,,,,,,,,,,,
173840.0,,,,,,,,,,,,,,
173841.0,,,,,,,,,,,,,,
173842.0,,,,,,,,,,,,,,
173843.0,,,,,,,,,,,,,,
173844.0,,,,,,,,,,,,,,
173845.0,,,,,,,,,,,,,,
173846.0,,,,,,,,,,,,,,
173847.0,,,,,,,,,,,,,,
173848.0,,,,,,,,,,,,,,
173849.0,,,,,,,,,,,,,,
173850.0,,,,,,,,,,,,,,
173851.0,,,,,,,,,,,,,,
173852.0,,,,,,,,,,,,,,
173853.0,,,,,,,,,,,,,,
173854.0,,,,,,,,,,,,,,
173855.0,,,,,,,,,,,,,,
173856.0,,,,,,,,,,,,,,
173857.0,,,,,,,,,,,,,,
173858.0,,,,,,,,,,,,,,
173859.0,,,,,,,,,,,,,,
173860.0,,,,,,,,,,,,,,
173861.0,,,,,,,,,,,,,,
173862.0,,,,,,,,,,,,,,
173863.0,,,,,,,,,,,,,,
173864.0,,,,,,,,,,,,,,
173865.0,,,,,,,,,,,,,,
173866.0,,,,,,,,,,,,,,
173867.0,,,,,,,,,,,,,,
173868.0,,,,,,,,,,,,,,
173869.0,,,,,,,,,,,,,,
173870.0,,,,,,,,,,,,,,
173871.0,,,,,,,,,,,,,,
173872.0,,,,,,,,,,,,,,
173873.0,,,,,,,,,,,,,,
173874.0,,,,,,,,,,,,,,
173875.0,,,,,,,,,,,,,,
173876.0,,,,,,,,,,,,,,
173877.0,,,,,,,,,,,,,,
173878.0,,,,,,,,,,,,,,
173879.0,,,,,,,,,,,,,,
173880.0,,,,,,,,,,,,,,
173881.0,,,,,,,,,,,,,,
173882.0,,,,,,,,,,,,,,
173883.0,,,,,,,,,,,,,,
173884.0,,,,,,,,,,,,,,
173885.0,,,,,,,,,,,,,,
173886.0,,,,,,,,,,,,,,
173887.0,,,,,,,,,,,,,,
173888.0,,,,,,,,,,,,,,
173889.0,,,,,,,,,,,,,,
173890.0,,,,,,,,,,,,,,
173891.0,,,,,,,,,,,,,,
173892.0,,,,,,,,,,,,,,
173893.0,,,,,,,,,,,,,,
173894.0,,,,,,,,,,,,,,
173895.0,,,,,,,,,,,,,,
173896.0,,,,,,,,,,,,,,
173897.0,,,,,,,,,,,,,,
173898.0,,,,,,,,,,,,,,
173899.0,,,,,,,,,,,,,,
173900.0,,,,,,,,,,,,,,
173901.0,,,,,,,,,,,,,,
173902.0,,,,,,,,,,,,,,
173903.0,,,,,,,,,,,,,,
173904.0,,,,,,,,,,,,,,
173905.0,,,,,,,,,,,,,,
173906.0,,,,,,,,,,,,,,
173907.0,,,,,,,,,,,,,,
173908.0,,,,,,,,,,,,,,
173909.0,,,,,,,,,,,,,,
173910.0,,,,,,,,,,,,,,
173911.0,,,,,,,,,,,,,,
173912.0,,,,,,,,,,,,,,
173913.0,,,,,,,,,,,,,,
173914.0,,,,,,,,,,,,,,
173915.0,,,,,,,,,,,,,,
173916.0,,,,,,,,,,,,,,
173917.0,,,,,,,,,,,,,,
173918.0,,,,,,,,,,,,,,
173919.0,,,,,,,,,,,,,,
173920.0,,,,,,,,,,,,,,
173921.0,,,,,,,,,,,,,,
173922.0,,,,,,,,,,,,,,
173923.0,,,,,,,,,,,,,,
173924.0,,,,,,,,,,,,,,
173925.0,,,,,,,,,,,,,,
173926.0,,,,,,,,,,,,,,
173927.0,,,,,,,,,,,,,,
173928.0,,,,,,,,,,,,,,
173929.0,,,,,,,,,,,,,,
173930.0,,,,,,,,,,,,,,
173931.0,,,,,,,,,,,,,,
173932.0,,,,,,,,,,,,,,
173933.0,,,,,,,,,,,,,,
173934.0,,,,,,,,,,,,,,
173935.0,,,,,,,,,,,,,,
173936.0,,,,,,,,,,,,,,
173937.0,,,,,,,,,,,,,,
173938.0,,,,,,,,,,,,,,
173939.0,,,,,,,,,,,,,,
173940.0,,,,,,,,,,,,,,
173941.0,,,,,,,,,,,,,,
173942.0,,,,,,,,,,,,,,
173943.0,,,,,,,,,,,,,,
173944.0,,,,,,,,,,,,,,
173945.0,,,,,,,,,,,,,,
173946.0,,,,,,,,,,,,,,
173947.0,,,,,,,,,,,,,,
173948.0,,,,,,,,,,,,,,
173949.0,,,,,,,,,,,,,,
173950.0,,,,,,,,,,,,,,
173951.0,,,,,,,,,,,,,,
173952.0,,,,,,,,,,,,,,
173953.0,,,,,,,,,,,,,,
173954.0,,,,,,,,,,,,,,
173955.0,,,,,,,,,,,,,,
173956.0,,,,,,,,,,,,,,
173957.0,,,,,,,,,,,,,,
173958.0,,,,,,,,,,,,,,
173959.0,,,,,,,,,,,,,,
173960.0,,,,,,,,,,,,,,
173961.0,,,,,,,,,,,,,,
173962.0,,,,,,,,,,,,,,
173963.0,,,,,,,,,,,,,,
173964.0,,,,,,,,,,,,,,
173965.0,,,,,,,,,,,,,,
173966.0,,,,,,,,,,,,,,
173967.0,,,,,,,,,,,,,,
173968.0,,,,,,,,,,,,,,
173969.0,,,,,,,,,,,,,,
173970.0,,,,,,,,,,,,,,
173971.0,,,,,,,,,,,,,,
173972.0,,,,,,,,,,,,,,
173973.0,,,,,,,,,,,,,,
173974.0,,,,,,,,,,,,,,
173975.0,,,,,,,,,,,,,,
173976.0,,,,,,,,,,,,,,
173977.0,,,,,,,,,,,,,,
173978.0,,,,,,,,,,,,,,
173979.0,,,,,,,,,,,,,,
173980.0,,,,,,,,,,,,,,
173981.0,,,,,,,,,,,,,,
173982.0,,,,,,,,,,,,,,
173983.0,,,,,,,,,,,,,,
173984.0,,,,,,,,,,,,,,
173985.0,,,,,,,,,,,,,,
173986.0,,,,,,,,,,,,,,
173987.0,,,,,,,,,,,,,,
173988.0,,,,,,,,,,,,,,
173989.0,,,,,,,,,,,,,,
173990.0,,,,,,,,,,,,,,
173991.0,,,,,,,,,,,,,,
173992.0,,,,,,,,,,,,,,
173993.0,,,,,,,,,,,,,,
173994.0,,,,,,,,,,,,,,
173995.0,,,,,,,,,,,,,,
173996.0,,,,,,,,,,,,,,
173997.0,,,,,,,,,,,,,,
173998.0,,,,,,,,,,,,,,
173999.0,,,,,,,,,,,,,,
174000.0,,,,,,,,,,,,,,
174001.0,,,,,,,,,,,,,,
174002.0,,,,,,,,,,,,,,
174003.0,,,,,,,,,,,,,,
174004.0,,,,,,,,,,,,,,
174005.0,,,,,,,,,,,,,,
174006.0,,,,,,,,,,,,,,
174007.0,,,,,,,,,,,,,,
174008.0,,,,,,,,,,,,,,
174009.0,,,,,,,,,,,,,,
174010.0,,,,,,,,,,,,,,
174011.0,,,,,,,,,,,,,,
174012.0,,,,,,,,,,,,,,
174013.0,,,,,,,,,,,,,,
174014.0,,,,,,,,,,,,,,
174015.0,,,,,,,,,,,,,,
174016.0,,,,,,,,,,,,,,
174017.0,,,,,,,,,,,,,,
174018.0,,,,,,,,,,,,,,
174019.0,,,,,,,,,,,,,,
174020.0,,,,,,,,,,,,,,
174021.0,,,,,,,,,,,,,,
174022.0,,,,,,,,,,,,,,
174023.0,,,,,,,,,,,,,,
174024.0,,,,,,,,,,,,,,
174025.0,,,,,,,,,,,,,,
174026.0,,,,,,,,,,,,,,
174027.0,,,,,,,,,,,,,,
174028.0,,,,,,,,,,,,,,
174029.0,,,,,,,,,,,,,,
174030.0,,,,,,,,,,,,,,
174031.0,,,,,,,,,,,,,,
174032.0,,,,,,,,,,,,,,
174033.0,,,,,,,,,,,,,,
174034.0,,,,,,,,,,,,,,
174035.0,,,,,,,,,,,,,,
174036.0,,,,,,,,,,,,,,
174037.0,,,,,,,,,,,,,,
174038.0,,,,,,,,,,,,,,
174039.0,,,,,,,,,,,,,,
174040.0,,,,,,,,,,,,,,
174041.0,,,,,,,,,,,,,,
174042.0,,,,,,,,,,,,,,
174043.0,,,,,,,,,,,,,,
174044.0,,,,,,,,,,,,,,
174045.0,,,,,,,,,,,,,,
174046.0,,,,,,,,,,,,,,
174047.0,,,,,,,,,,,,,,
174048.0,,,,,,,,,,,,,,
174049.0,,,,,,,,,,,,,,
174050.0,,,,,,,,,,,,,,
174051.0,,,,,,,,,,,,,,
174052.0,,,,,,,,,,,,,,
174053.0,,,,,,,,,,,,,,
174054.0,,,,,,,,,,,,,,
174055.0,,,,,,,,,,,,,,
174056.0,,,,,,,,,,,,,,
174057.0,,,,,,,,,,,,,,
174058.0,,,,,,,,,,,,,,
174059.0,,,,,,,,,,,,,,
174060.0,,,,,,,,,,,,,,
174061.0,,,,,,,,,,,,,,
174062.0,,,,,,,,,,,,,,
174063.0,,,,,,,,,,,,,,
174064.0,,,,,,,,,,,,,,
174065.0,,,,,,,,,,,,,,
174066.0,,,,,,,,,,,,,,
174067.0,,,,,,,,,,,,,,
174068.0,,,,,,,,,,,,,,
174069.0,,,,,,,,,,,,,,
174070.0,,,,,,,,,,,,,,
174071.0,,,,,,,,,,,,,,
174072.0,,,,,,,,,,,,,,
174073.0,,,,,,,,,,,,,,
174074.0,,,,,,,,,,,,,,
174075.0,,,,,,,,,,,,,,
174076.0,,,,,,,,,,,,,,
174077.0,,,,,,,,,,,,,,
174078.0,,,,,,,,,,,,,,
174079.0,,,,,,,,,,,,,,
174080.0,,,,,,,,,,,,,,
174081.0,,,,,,,,,,,,,,
174082.0,,,,,,,,,,,,,,
174083.0,,,,,,,,,,,,,,
174084.0,,,,,,,,,,,,,,
174085.0,,,,,,,,,,,,,,
174086.0,,,,,,,,,,,,,,
174087.0,,,,,,,,,,,,,,
174088.0,,,,,,,,,,,,,,
174089.0,,,,,,,,,,,,,,
174090.0,,,,,,,,,,,,,,
174091.0,,,,,,,,,,,,,,
174092.0,,,,,,,,,,,,,,
174093.0,,,,,,,,,,,,,,
174094.0,,,,,,,,,,,,,,
174095.0,,,,,,,,,,,,,,
174096.0,,,,,,,,,,,,,,
174097.0,,,,,,,,,,,,,,
174098.0,,,,,,,,,,,,,,
174099.0,,,,,,,,,,,,,,
174100.0,,,,,,,,,,,,,,
174101.0,,,,,,,,,,,,,,
174102.0,,,,,,,,,,,,,,
174103.0,,,,,,,,,,,,,,
174104.0,,,,,,,,,,,,,,
174105.0,,,,,,,,,,,,,,
174106.0,,,,,,,,,,,,,,
174107.0,,,,,,,,,,,,,,
174108.0,,,,,,,,,,,,,,
174109.0,,,,,,,,,,,,,,
174110.0,,,,,,,,,,,,,,
174111.0,,,,,,,,,,,,,,
174112.0,,,,,,,,,,,,,,
174113.0,,,,,,,,,,,,,,
174114.0,,,,,,,,,,,,,,
174115.0,,,,,,,,,,,,,,
174116.0,,,,,,,,,,,,,,
174117.0,,,,,,,,,,,,,,
174118.0,,,,,,,,,,,,,,
174119.0,,,,,,,,,,,,,,
174120.0,,,,,,,,,,,,,,
174121.0,,,,,,,,,,,,,,
174122.0,,,,,,,,,,,,,,
174123.0,,,,,,,,,,,,,,
174124.0,,,,,,,,,,,,,,
174125.0,,,,,,,,,,,,,,
174126.0,,,,,,,,,,,,,,
174127.0,,,,,,,,,,,,,,
174128.0,,,,,,,,,,,,,,
174129.0,,,,,,,,,,,,,,
174130.0,,,,,,,,,,,,,,
174131.0,,,,,,,,,,,,,,
174132.0,,,,,,,,,,,,,,
174133.0,,,,,,,,,,,,,,
174134.0,,,,,,,,,,,,,,
174135.0,,,,,,,,,,,,,,
174136.0,,,,,,,,,,,,,,
174137.0,,,,,,,,,,,,,,
174138.0,,,,,,,,,,,,,,
174139.0,,,,,,,,,,,,,,
174140.0,,,,,,,,,,,,,,
174141.0,,,,,,,,,,,,,,
174142.0,,,,,,,,,,,,,,
174143.0,,,,,,,,,,,,,,
174144.0,,,,,,,,,,,,,,
174145.0,,,,,,,,,,,,,,
174146.0,,,,,,,,,,,,,,
174147.0,,,,,,,,,,,,,,
174148.0,,,,,,,,,,,,,,
174149.0,,,,,,,,,,,,,,
174150.0,,,,,,,,,,,,,,
174151.0,,,,,,,,,,,,,,
174152.0,,,,,,,,,,,,,,
174153.0,,,,,,,,,,,,,,
174154.0,,,,,,,,,,,,,,
174155.0,,,,,,,,,,,,,,
174156.0,,,,,,,,,,,,,,
174157.0,,,,,,,,,,,,,,
174158.0,,,,,,,,,,,,,,
174159.0,,,,,,,,,,,,,,
174160.0,,,,,,,,,,,,,,
174161.0,,,,,,,,,,,,,,
174162.0,,,,,,,,,,,,,,
174163.0,,,,,,,,,,,,,,
174164.0,,,,,,,,,,,,,,
174165.0,,,,,,,,,,,,,,
174166.0,,,,,,,,,,,,,,
174167.0,,,,,,,,,,,,,,
174168.0,,,,,,,,,,,,,,
174169.0,,,,,,,,,,,,,,
174170.0,,,,,,,,,,,,,,
174171.0,,,,,,,,,,,,,,
174172.0,,,,,,,,,,,,,,
174173.0,,,,,,,,,,,,,,
174174.0,,,,,,,,,,,,,,
174175.0,,,,,,,,,,,,,,
174176.0,,,,,,,,,,,,,,
174177.0,,,,,,,,,,,,,,
174178.0,,,,,,,,,,,,,,
174179.0,,,,,,,,,,,,,,
174180.0,,,,,,,,,,,,,,
174181.0,,,,,,,,,,,,,,
174182.0,,,,,,,,,,,,,,
174183.0,,,,,,,,,,,,,,
174184.0,,,,,,,,,,,,,,
174185.0,,,,,,,,,,,,,,
174186.0,,,,,,,,,,,,,,
174187.0,,,,,,,,,,,,,,
174188.0,,,,,,,,,,,,,,
174189.0,,,,,,,,,,,,,,
174190.0,,,,,,,,,,,,,,
174191.0,,,,,,,,,,,,,,
174192.0,,,,,,,,,,,,,,
174193.0,,,,,,,,,,,,,,
174194.0,,,,,,,,,,,,,,
174195.0,,,,,,,,,,,,,,
174196.0,,,,,,,,,,,,,,
174197.0,,,,,,,,,,,,,,
174198.0,,,,,,,,,,,,,,
174199.0,,,,,,,,,,,,,,
174200.0,,,,,,,,,,,,,,
174201.0,,,,,,,,,,,,,,
174202.0,,,,,,,,,,,,,,
174203.0,,,,,,,,,,,,,,
174204.0,,,,,,,,,,,,,,
174205.0,,,,,,,,,,,,,,
174206.0,,,,,,,,,,,,,,
174207.0,,,,,,,,,,,,,,
174208.0,,,,,,,,,,,,,,
174209.0,,,,,,,,,,,,,,
174210.0,,,,,,,,,,,,,,
174211.0,,,,,,,,,,,,,,
174212.0,,,,,,,,,,,,,,
174213.0,,,,,,,,,,,,,,
174214.0,,,,,,,,,,,,,,
174215.0,,,,,,,,,,,,,,
174216.0,,,,,,,,,,,,,,
174217.0,,,,,,,,,,,,,,
174218.0,,,,,,,,,,,,,,
174219.0,,,,,,,,,,,,,,
174220.0,,,,,,,,,,,,,,
174221.0,,,,,,,,,,,,,,
174222.0,,,,,,,,,,,,,,
174223.0,,,,,,,,,,,,,,
174224.0,,,,,,,,,,,,,,
174225.0,,,,,,,,,,,,,,
174226.0,,,,,,,,,,,,,,
174227.0,,,,,,,,,,,,,,
174228.0,,,,,,,,,,,,,,
174229.0,,,,,,,,,,,,,,
174230.0,,,,,,,,,,,,,,
174231.0,,,,,,,,,,,,,,
174232.0,,,,,,,,,,,,,,
174233.0,,,,,,,,,,,,,,
174234.0,,,,,,,,,,,,,,
174235.0,,,,,,,,,,,,,,
174236.0,,,,,,,,,,,,,,
174237.0,,,,,,,,,,,,,,
174238.0,,,,,,,,,,,,,,
174239.0,,,,,,,,,,,,,,
174240.0,,,,,,,,,,,,,,
174241.0,,,,,,,,,,,,,,
174242.0,,,,,,,,,,,,,,
174243.0,,,,,,,,,,,,,,
174244.0,,,,,,,,,,,,,,
174245.0,,,,,,,,,,,,,,
174246.0,,,,,,,,,,,,,,
174247.0,,,,,,,,,,,,,,
174248.0,,,,,,,,,,,,,,
174249.0,,,,,,,,,,,,,,
174250.0,,,,,,,,,,,,,,
174251.0,,,,,,,,,,,,,,
174252.0,,,,,,,,,,,,,,
174253.0,,,,,,,,,,,,,,
174254.0,,,,,,,,,,,,,,
174255.0,,,,,,,,,,,,,,
174256.0,,,,,,,,,,,,,,
174257.0,,,,,,,,,,,,,,
174258.0,,,,,,,,,,,,,,
174259.0,,,,,,,,,,,,,,
174260.0,,,,,,,,,,,,,,
174261.0,,,,,,,,,,,,,,
174262.0,,,,,,,,,,,,,,
174263.0,,,,,,,,,,,,,,
174264.0,,,,,,,,,,,,,,
174265.0,,,,,,,,,,,,,,
174266.0,,,,,,,,,,,,,,
174267.0,,,,,,,,,,,,,,
174268.0,,,,,,,,,,,,,,
174269.0,,,,,,,,,,,,,,
174270.0,,,,,,,,,,,,,,
174271.0,,,,,,,,,,,,,,
174272.0,,,,,,,,,,,,,,
174273.0,,,,,,,,,,,,,,
174274.0,,,,,,,,,,,,,,
174275.0,,,,,,,,,,,,,,
174276.0,,,,,,,,,,,,,,
174277.0,,,,,,,,,,,,,,
174278.0,,,,,,,,,,,,,,
174279.0,,,,,,,,,,,,,,
174280.0,,,,,,,,,,,,,,
174281.0,,,,,,,,,,,,,,
174282.0,,,,,,,,,,,,,,
174283.0,,,,,,,,,,,,,,
174284.0,,,,,,,,,,,,,,
174285.0,,,,,,,,,,,,,,
174286.0,,,,,,,,,,,,,,
174287.0,,,,,,,,,,,,,,
174288.0,,,,,,,,,,,,,,
174289.0,,,,,,,,,,,,,,
174290.0,,,,,,,,,,,,,,
174291.0,,,,,,,,,,,,,,
174292.0,,,,,,,,,,,,,,
174293.0,,,,,,,,,,,,,,
174294.0,,,,,,,,,,,,,,
174295.0,,,,,,,,,,,,,,
174296.0,,,,,,,,,,,,,,
174297.0,,,,,,,,,,,,,,
174298.0,,,,,,,,,,,,,,
174299.0,,,,,,,,,,,,,,
174300.0,,,,,,,,,,,,,,
174301.0,,,,,,,,,,,,,,
174302.0,,,,,,,,,,,,,,
174303.0,,,,,,,,,,,,,,
174304.0,,,,,,,,,,,,,,
174305.0,,,,,,,,,,,,,,
174306.0,,,,,,,,,,,,,,
174307.0,,,,,,,,,,,,,,
174308.0,,,,,,,,,,,,,,
174309.0,,,,,,,,,,,,,,
174310.0,,,,,,,,,,,,,,
174311.0,,,,,,,,,,,,,,
174312.0,,,,,,,,,,,,,,
174313.0,,,,,,,,,,,,,,
174314.0,,,,,,,,,,,,,,
174315.0,,,,,,,,,,,,,,
174316.0,,,,,,,,,,,,,,
174317.0,,,,,,,,,,,,,,
174318.0,,,,,,,,,,,,,,
174319.0,,,,,,,,,,,,,,
174320.0,,,,,,,,,,,,,,
174321.0,,,,,,,,,,,,,,
174322.0,,,,,,,,,,,,,,
174323.0,,,,,,,,,,,,,,
174324.0,,,,,,,,,,,,,,
174325.0,,,,,,,,,,,,,,
174326.0,,,,,,,,,,,,,,
174327.0,,,,,,,,,,,,,,
174328.0,,,,,,,,,,,,,,
174329.0,,,,,,,,,,,,,,
174330.0,,,,,,,,,,,,,,
174331.0,,,,,,,,,,,,,,
174332.0,,,,,,,,,,,,,,
174333.0,,,,,,,,,,,,,,
174334.0,,,,,,,,,,,,,,
174335.0,,,,,,,,,,,,,,
174336.0,,,,,,,,,,,,,,
174337.0,,,,,,,,,,,,,,
174338.0,,,,,,,,,,,,,,
174339.0,,,,,,,,,,,,,,
174340.0,,,,,,,,,,,,,,
174341.0,,,,,,,,,,,,,,
174342.0,,,,,,,,,,,,,,
174343.0,,,,,,,,,,,,,,
174344.0,,,,,,,,,,,,,,
174345.0,,,,,,,,,,,,,,
174346.0,,,,,,,,,,,,,,
174347.0,,,,,,,,,,,,,,
174348.0,,,,,,,,,,,,,,
174349.0,,,,,,,,,,,,,,
174350.0,,,,,,,,,,,,,,
174351.0,,,,,,,,,,,,,,
174352.0,,,,,,,,,,,,,,
174353.0,,,,,,,,,,,,,,
174354.0,,,,,,,,,,,,,,
174355.0,,,,,,,,,,,,,,
174356.0,,,,,,,,,,,,,,
174357.0,,,,,,,,,,,,,,
174358.0,,,,,,,,,,,,,,
174359.0,,,,,,,,,,,,,,
174360.0,,,,,,,,,,,,,,
174361.0,,,,,,,,,,,,,,
174362.0,,,,,,,,,,,,,,
174363.0,,,,,,,,,,,,,,
174364.0,,,,,,,,,,,,,,
174365.0,,,,,,,,,,,,,,
174366.0,,,,,,,,,,,,,,
174367.0,,,,,,,,,,,,,,
174368.0,,,,,,,,,,,,,,
174369.0,,,,,,,,,,,,,,
174370.0,,,,,,,,,,,,,,
174371.0,,,,,,,,,,,,,,
174372.0,,,,,,,,,,,,,,
174373.0,,,,,,,,,,,,,,
174374.0,,,,,,,,,,,,,,
174375.0,,,,,,,,,,,,,,
174376.0,,,,,,,,,,,,,,
174377.0,,,,,,,,,,,,,,
174378.0,,,,,,,,,,,,,,
174379.0,,,,,,,,,,,,,,
174380.0,,,,,,,,,,,,,,
174381.0,,,,,,,,,,,,,,
174382.0,,,,,,,,,,,,,,
174383.0,,,,,,,,,,,,,,
174384.0,,,,,,,,,,,,,,
174385.0,,,,,,,,,,,,,,
174386.0,,,,,,,,,,,,,,
174387.0,,,,,,,,,,,,,,
174388.0,,,,,,,,,,,,,,
174389.0,,,,,,,,,,,,,,
174390.0,,,,,,,,,,,,,,
174391.0,,,,,,,,,,,,,,
174392.0,,,,,,,,,,,,,,
174393.0,,,,,,,,,,,,,,
174394.0,,,,,,,,,,,,,,
174395.0,,,,,,,,,,,,,,
174396.0,,,,,,,,,,,,,,
174397.0,,,,,,,,,,,,,,
174398.0,,,,,,,,,,,,,,
174399.0,,,,,,,,,,,,,,
174400.0,,,,,,,,,,,,,,
174401.0,,,,,,,,,,,,,,
174402.0,,,,,,,,,,,,,,
174403.0,,,,,,,,,,,,,,
174404.0,,,,,,,,,,,,,,
174405.0,,,,,,,,,,,,,,
174406.0,,,,,,,,,,,,,,
174407.0,,,,,,,,,,,,,,
174408.0,,,,,,,,,,,,,,
174409.0,,,,,,,,,,,,,,
174410.0,,,,,,,,,,,,,,
174411.0,,,,,,,,,,,,,,
174412.0,,,,,,,,,,,,,,
174413.0,,,,,,,,,,,,,,
174414.0,,,,,,,,,,,,,,
174415.0,,,,,,,,,,,,,,
174416.0,,,,,,,,,,,,,,
174417.0,,,,,,,,,,,,,,
174418.0,,,,,,,,,,,,,,
174419.0,,,,,,,,,,,,,,
174420.0,,,,,,,,,,,,,,
174421.0,,,,,,,,,,,,,,
174422.0,,,,,,,,,,,,,,
174423.0,,,,,,,,,,,,,,
174424.0,,,,,,,,,,,,,,
174425.0,,,,,,,,,,,,,,
174426.0,,,,,,,,,,,,,,
174427.0,,,,,,,,,,,,,,
174428.0,,,,,,,,,,,,,,
174429.0,,,,,,,,,,,,,,
174430.0,,,,,,,,,,,,,,
174431.0,,,,,,,,,,,,,,
174432.0,,,,,,,,,,,,,,
174433.0,,,,,,,,,,,,,,
174434.0,,,,,,,,,,,,,,
174435.0,,,,,,,,,,,,,,
174436.0,,,,,,,,,,,,,,
174437.0,,,,,,,,,,,,,,
174438.0,,,,,,,,,,,,,,
174439.0,,,,,,,,,,,,,,
174440.0,,,,,,,,,,,,,,
174441.0,,,,,,,,,,,,,,
174442.0,,,,,,,,,,,,,,
174443.0,,,,,,,,,,,,,,
174444.0,,,,,,,,,,,,,,
174445.0,,,,,,,,,,,,,,
174446.0,,,,,,,,,,,,,,
174447.0,,,,,,,,,,,,,,
174448.0,,,,,,,,,,,,,,
174449.0,,,,,,,,,,,,,,
174450.0,,,,,,,,,,,,,,
174451.0,,,,,,,,,,,,,,
174452.0,,,,,,,,,,,,,,
174453.0,,,,,,,,,,,,,,
174454.0,,,,,,,,,,,,,,
174455.0,,,,,,,,,,,,,,
174456.0,,,,,,,,,,,,,,
174457.0,,,,,,,,,,,,,,
174458.0,,,,,,,,,,,,,,
174459.0,,,,,,,,,,,,,,
174460.0,,,,,,,,,,,,,,
174461.0,,,,,,,,,,,,,,
174462.0,,,,,,,,,,,,,,
174463.0,,,,,,,,,,,,,,
174464.0,,,,,,,,,,,,,,
174465.0,,,,,,,,,,,,,,
174466.0,,,,,,,,,,,,,,
174467.0,,,,,,,,,,,,,,
174468.0,,,,,,,,,,,,,,
174469.0,,,,,,,,,,,,,,
174470.0,,,,,,,,,,,,,,
174471.0,,,,,,,,,,,,,,
174472.0,,,,,,,,,,,,,,
174473.0,,,,,,,,,,,,,,
174474.0,,,,,,,,,,,,,,
174475.0,,,,,,,,,,,,,,
174476.0,,,,,,,,,,,,,,
174477.0,,,,,,,,,,,,,,
174478.0,,,,,,,,,,,,,,
174479.0,,,,,,,,,,,,,,
174480.0,,,,,,,,,,,,,,
174481.0,,,,,,,,,,,,,,
174482.0,,,,,,,,,,,,,,
174483.0,,,,,,,,,,,,,,
174484.0,,,,,,,,,,,,,,
174485.0,,,,,,,,,,,,,,
174486.0,,,,,,,,,,,,,,
174487.0,,,,,,,,,,,,,,
174488.0,,,,,,,,,,,,,,
174489.0,,,,,,,,,,,,,,
174490.0,,,,,,,,,,,,,,
174491.0,,,,,,,,,,,,,,
174492.0,,,,,,,,,,,,,,
174493.0,,,,,,,,,,,,,,
174494.0,,,,,,,,,,,,,,
174495.0,,,,,,,,,,,,,,
174496.0,,,,,,,,,,,,,,
174497.0,,,,,,,,,,,,,,
174498.0,,,,,,,,,,,,,,
174499.0,,,,,,,,,,,,,,
174500.0,,,,,,,,,,,,,,
174501.0,,,,,,,,,,,,,,
174502.0,,,,,,,,,,,,,,
174503.0,,,,,,,,,,,,,,
174504.0,,,,,,,,,,,,,,
174505.0,,,,,,,,,,,,,,
174506.0,,,,,,,,,,,,,,
174507.0,,,,,,,,,,,,,,
174508.0,,,,,,,,,,,,,,
174509.0,,,,,,,,,,,,,,
174510.0,,,,,,,,,,,,,,
174511.0,,,,,,,,,,,,,,
174512.0,,,,,,,,,,,,,,
174513.0,,,,,,,,,,,,,,
174514.0,,,,,,,,,,,,,,
174515.0,,,,,,,,,,,,,,
174516.0,,,,,,,,,,,,,,
174517.0,,,,,,,,,,,,,,
174518.0,,,,,,,,,,,,,,
174519.0,,,,,,,,,,,,,,
174520.0,,,,,,,,,,,,,,
174521.0,,,,,,,,,,,,,,
174522.0,,,,,,,,,,,,,,
174523.0,,,,,,,,,,,,,,
174524.0,,,,,,,,,,,,,,
174525.0,,,,,,,,,,,,,,
174526.0,,,,,,,,,,,,,,
174527.0,,,,,,,,,,,,,,
174528.0,,,,,,,,,,,,,,
174529.0,,,,,,,,,,,,,,
174530.0,,,,,,,,,,,,,,
174531.0,,,,,,,,,,,,,,
174532.0,,,,,,,,,,,,,,
174533.0,,,,,,,,,,,,,,
174534.0,,,,,,,,,,,,,,
174535.0,,,,,,,,,,,,,,
174536.0,,,,,,,,,,,,,,
174537.0,,,,,,,,,,,,,,
174538.0,,,,,,,,,,,,,,
174539.0,,,,,,,,,,,,,,
174540.0,,,,,,,,,,,,,,
174541.0,,,,,,,,,,,,,,
174542.0,,,,,,,,,,,,,,
174543.0,,,,,,,,,,,,,,
174544.0,,,,,,,,,,,,,,
174545.0,,,,,,,,,,,,,,
174546.0,,,,,,,,,,,,,,
174547.0,,,,,,,,,,,,,,
174548.0,,,,,,,,,,,,,,
174549.0,,,,,,,,,,,,,,
174550.0,,,,,,,,,,,,,,
174551.0,,,,,,,,,,,,,,
174552.0,,,,,,,,,,,,,,
174553.0,,,,,,,,,,,,,,
174554.0,,,,,,,,,,,,,,
174555.0,,,,,,,,,,,,,,
174556.0,,,,,,,,,,,,,,
174557.0,,,,,,,,,,,,,,
174558.0,,,,,,,,,,,,,,
174559.0,,,,,,,,,,,,,,
174560.0,,,,,,,,,,,,,,
174561.0,,,,,,,,,,,,,,
174562.0,,,,,,,,,,,,,,
174563.0,,,,,,,,,,,,,,
174564.0,,,,,,,,,,,,,,
174565.0,,,,,,,,,,,,,,
174566.0,,,,,,,,,,,,,,
174567.0,,,,,,,,,,,,,,
174568.0,,,,,,,,,,,,,,
174569.0,,,,,,,,,,,,,,
174570.0,,,,,,,,,,,,,,
174571.0,,,,,,,,,,,,,,
174572.0,,,,,,,,,,,,,,
174573.0,,,,,,,,,,,,,,
174574.0,,,,,,,,,,,,,,
174575.0,,,,,,,,,,,,,,
174576.0,,,,,,,,,,,,,,
174577.0,,,,,,,,,,,,,,
174578.0,,,,,,,,,,,,,,
174579.0,,,,,,,,,,,,,,
174580.0,,,,,,,,,,,,,,
174581.0,,,,,,,,,,,,,,
174582.0,,,,,,,,,,,,,,
174583.0,,,,,,,,,,,,,,
174584.0,,,,,,,,,,,,,,
174585.0,,,,,,,,,,,,,,
174586.0,,,,,,,,,,,,,,
174587.0,,,,,,,,,,,,,,
174588.0,,,,,,,,,,,,,,
174589.0,,,,,,,,,,,,,,
174590.0,,,,,,,,,,,,,,
174591.0,,,,,,,,,,,,,,
174592.0,,,,,,,,,,,,,,
174593.0,,,,,,,,,,,,,,
174594.0,,,,,,,,,,,,,,
174595.0,,,,,,,,,,,,,,
174596.0,,,,,,,,,,,,,,
174597.0,,,,,,,,,,,,,,
174598.0,,,,,,,,,,,,,,
174599.0,,,,,,,,,,,,,,
174600.0,,,,,,,,,,,,,,
174601.0,,,,,,,,,,,,,,
174602.0,,,,,,,,,,,,,,
174603.0,,,,,,,,,,,,,,
174604.0,,,,,,,,,,,,,,
174605.0,,,,,,,,,,,,,,
174606.0,,,,,,,,,,,,,,
174607.0,,,,,,,,,,,,,,
174608.0,,,,,,,,,,,,,,
174609.0,,,,,,,,,,,,,,
174610.0,,,,,,,,,,,,,,
174611.0,,,,,,,,,,,,,,
174612.0,,,,,,,,,,,,,,
174613.0,,,,,,,,,,,,,,
174614.0,,,,,,,,,,,,,,
174615.0,,,,,,,,,,,,,,
174616.0,,,,,,,,,,,,,,
174617.0,,,,,,,,,,,,,,
174618.0,,,,,,,,,,,,,,
174619.0,,,,,,,,,,,,,,
174620.0,,,,,,,,,,,,,,
174621.0,,,,,,,,,,,,,,
174622.0,,,,,,,,,,,,,,
174623.0,,,,,,,,,,,,,,
174624.0,,,,,,,,,,,,,,
174625.0,,,,,,,,,,,,,,
174626.0,,,,,,,,,,,,,,
174627.0,,,,,,,,,,,,,,
174628.0,,,,,,,,,,,,,,
174629.0,,,,,,,,,,,,,,
174630.0,,,,,,,,,,,,,,
174631.0,,,,,,,,,,,,,,
174632.0,,,,,,,,,,,,,,
174633.0,,,,,,,,,,,,,,
174634.0,,,,,,,,,,,,,,
174635.0,,,,,,,,,,,,,,
174636.0,,,,,,,,,,,,,,
174637.0,,,,,,,,,,,,,,
174638.0,,,,,,,,,,,,,,
174639.0,,,,,,,,,,,,,,
174640.0,,,,,,,,,,,,,,
174641.0,,,,,,,,,,,,,,
174642.0,,,,,,,,,,,,,,
174643.0,,,,,,,,,,,,,,
174644.0,,,,,,,,,,,,,,
174645.0,,,,,,,,,,,,,,
174646.0,,,,,,,,,,,,,,
174647.0,,,,,,,,,,,,,,
174648.0,,,,,,,,,,,,,,
174649.0,,,,,,,,,,,,,,
174650.0,,,,,,,,,,,,,,
174651.0,,,,,,,,,,,,,,
174652.0,,,,,,,,,,,,,,
174653.0,,,,,,,,,,,,,,
174654.0,,,,,,,,,,,,,,
174655.0,,,,,,,,,,,,,,
174656.0,,,,,,,,,,,,,,
174657.0,,,,,,,,,,,,,,
174658.0,,,,,,,,,,,,,,
174659.0,,,,,,,,,,,,,,
174660.0,,,,,,,,,,,,,,
174661.0,,,,,,,,,,,,,,
174662.0,,,,,,,,,,,,,,
174663.0,,,,,,,,,,,,,,
174664.0,,,,,,,,,,,,,,
174665.0,,,,,,,,,,,,,,
174666.0,,,,,,,,,,,,,,
174667.0,,,,,,,,,,,,,,
174668.0,,,,,,,,,,,,,,
174669.0,,,,,,,,,,,,,,
174670.0,,,,,,,,,,,,,,
174671.0,,,,,,,,,,,,,,
174672.0,,,,,,,,,,,,,,
174673.0,,,,,,,,,,,,,,
174674.0,,,,,,,,,,,,,,
174675.0,,,,,,,,,,,,,,
174676.0,,,,,,,,,,,,,,
174677.0,,,,,,,,,,,,,,
174678.0,,,,,,,,,,,,,,
174679.0,,,,,,,,,,,,,,
174680.0,,,,,,,,,,,,,,
174681.0,,,,,,,,,,,,,,
174682.0,,,,,,,,,,,,,,
174683.0,,,,,,,,,,,,,,
174684.0,,,,,,,,,,,,,,
174685.0,,,,,,,,,,,,,,
174686.0,,,,,,,,,,,,,,
174687.0,,,,,,,,,,,,,,
174688.0,,,,,,,,,,,,,,
174689.0,,,,,,,,,,,,,,
174690.0,,,,,,,,,,,,,,
174691.0,,,,,,,,,,,,,,
174692.0,,,,,,,,,,,,,,
174693.0,,,,,,,,,,,,,,
174694.0,,,,,,,,,,,,,,
174695.0,,,,,,,,,,,,,,
174696.0,,,,,,,,,,,,,,
174697.0,,,,,,,,,,,,,,
174698.0,,,,,,,,,,,,,,
174699.0,,,,,,,,,,,,,,
174700.0,,,,,,,,,,,,,,
174701.0,,,,,,,,,,,,,,
174702.0,,,,,,,,,,,,,,
174703.0,,,,,,,,,,,,,,
174704.0,,,,,,,,,,,,,,
174705.0,,,,,,,,,,,,,,
174706.0,,,,,,,,,,,,,,
174707.0,,,,,,,,,,,,,,
174708.0,,,,,,,,,,,,,,
174709.0,,,,,,,,,,,,,,
174710.0,,,,,,,,,,,,,,
174711.0,,,,,,,,,,,,,,
174712.0,,,,,,,,,,,,,,
174713.0,,,,,,,,,,,,,,
174714.0,,,,,,,,,,,,,,
174715.0,,,,,,,,,,,,,,
174716.0,,,,,,,,,,,,,,
174717.0,,,,,,,,,,,,,,
174718.0,,,,,,,,,,,,,,
174719.0,,,,,,,,,,,,,,
174720.0,,,,,,,,,,,,,,
174721.0,,,,,,,,,,,,,,
174722.0,,,,,,,,,,,,,,
174723.0,,,,,,,,,,,,,,
174724.0,,,,,,,,,,,,,,
174725.0,,,,,,,,,,,,,,
174726.0,,,,,,,,,,,,,,
174727.0,,,,,,,,,,,,,,
174728.0,,,,,,,,,,,,,,
174729.0,,,,,,,,,,,,,,
174730.0,,,,,,,,,,,,,,
174731.0,,,,,,,,,,,,,,
174732.0,,,,,,,,,,,,,,
174733.0,,,,,,,,,,,,,,
174734.0,,,,,,,,,,,,,,
174735.0,,,,,,,,,,,,,,
174736.0,,,,,,,,,,,,,,
174737.0,,,,,,,,,,,,,,
174738.0,,,,,,,,,,,,,,
174739.0,,,,,,,,,,,,,,
174740.0,,,,,,,,,,,,,,
174741.0,,,,,,,,,,,,,,
174742.0,,,,,,,,,,,,,,
174743.0,,,,,,,,,,,,,,
174744.0,,,,,,,,,,,,,,
174745.0,,,,,,,,,,,,,,
174746.0,,,,,,,,,,,,,,
174747.0,,,,,,,,,,,,,,
174748.0,,,,,,,,,,,,,,
174749.0,,,,,,,,,,,,,,
174750.0,,,,,,,,,,,,,,
174751.0,,,,,,,,,,,,,,
174752.0,,,,,,,,,,,,,,
174753.0,,,,,,,,,,,,,,
174754.0,,,,,,,,,,,,,,
174755.0,,,,,,,,,,,,,,
174756.0,,,,,,,,,,,,,,
174757.0,,,,,,,,,,,,,,
174758.0,,,,,,,,,,,,,,
174759.0,,,,,,,,,,,,,,
174760.0,,,,,,,,,,,,,,
174761.0,,,,,,,,,,,,,,
174762.0,,,,,,,,,,,,,,
174763.0,,,,,,,,,,,,,,
174764.0,,,,,,,,,,,,,,
174765.0,,,,,,,,,,,,,,
174766.0,,,,,,,,,,,,,,
174767.0,,,,,,,,,,,,,,
174768.0,,,,,,,,,,,,,,
174769.0,,,,,,,,,,,,,,
174770.0,,,,,,,,,,,,,,
174771.0,,,,,,,,,,,,,,
174772.0,,,,,,,,,,,,,,
174773.0,,,,,,,,,,,,,,
174774.0,,,,,,,,,,,,,,
174775.0,,,,,,,,,,,,,,
174776.0,,,,,,,,,,,,,,
174777.0,,,,,,,,,,,,,,
174778.0,,,,,,,,,,,,,,
174779.0,,,,,,,,,,,,,,
174780.0,,,,,,,,,,,,,,
174781.0,,,,,,,,,,,,,,
174782.0,,,,,,,,,,,,,,
174783.0,,,,,,,,,,,,,,
174784.0,,,,,,,,,,,,,,
174785.0,,,,,,,,,,,,,,
174786.0,,,,,,,,,,,,,,
174787.0,,,,,,,,,,,,,,
174788.0,,,,,,,,,,,,,,
174789.0,,,,,,,,,,,,,,
174790.0,,,,,,,,,,,,,,
174791.0,,,,,,,,,,,,,,
174792.0,,,,,,,,,,,,,,
174793.0,,,,,,,,,,,,,,
174794.0,,,,,,,,,,,,,,
174795.0,,,,,,,,,,,,,,
174796.0,,,,,,,,,,,,,,
174797.0,,,,,,,,,,,,,,
174798.0,,,,,,,,,,,,,,
174799.0,,,,,,,,,,,,,,
174800.0,,,,,,,,,,,,,,
174801.0,,,,,,,,,,,,,,
174802.0,,,,,,,,,,,,,,
174803.0,,,,,,,,,,,,,,
174804.0,,,,,,,,,,,,,,
174805.0,,,,,,,,,,,,,,
174806.0,,,,,,,,,,,,,,
174807.0,,,,,,,,,,,,,,
174808.0,,,,,,,,,,,,,,
174809.0,,,,,,,,,,,,,,
174810.0,,,,,,,,,,,,,,
174811.0,,,,,,,,,,,,,,
174812.0,,,,,,,,,,,,,,
174813.0,,,,,,,,,,,,,,
174814.0,,,,,,,,,,,,,,
174815.0,,,,,,,,,,,,,,
174816.0,,,,,,,,,,,,,,
174817.0,,,,,,,,,,,,,,
174818.0,,,,,,,,,,,,,,
174819.0,,,,,,,,,,,,,,
174820.0,,,,,,,,,,,,,,
174821.0,,,,,,,,,,,,,,
174822.0,,,,,,,,,,,,,,
174823.0,,,,,,,,,,,,,,
174824.0,,,,,,,,,,,,,,
174825.0,,,,,,,,,,,,,,
174826.0,,,,,,,,,,,,,,
174827.0,,,,,,,,,,,,,,
174828.0,,,,,,,,,,,,,,
174829.0,,,,,,,,,,,,,,
174830.0,,,,,,,,,,,,,,
174831.0,,,,,,,,,,,,,,
174832.0,,,,,,,,,,,,,,
174833.0,,,,,,,,,,,,,,
174834.0,,,,,,,,,,,,,,
174835.0,,,,,,,,,,,,,,
174836.0,,,,,,,,,,,,,,
174837.0,,,,,,,,,,,,,,
174838.0,,,,,,,,,,,,,,
174839.0,,,,,,,,,,,,,,
174840.0,,,,,,,,,,,,,,
174841.0,,,,,,,,,,,,,,
174842.0,,,,,,,,,,,,,,
174843.0,,,,,,,,,,,,,,
174844.0,,,,,,,,,,,,,,
174845.0,,,,,,,,,,,,,,
174846.0,,,,,,,,,,,,,,
174847.0,,,,,,,,,,,,,,
174848.0,,,,,,,,,,,,,,
174849.0,,,,,,,,,,,,,,
174850.0,,,,,,,,,,,,,,
174851.0,,,,,,,,,,,,,,
174852.0,,,,,,,,,,,,,,
174853.0,,,,,,,,,,,,,,
174854.0,,,,,,,,,,,,,,
174855.0,,,,,,,,,,,,,,
174856.0,,,,,,,,,,,,,,
174857.0,,,,,,,,,,,,,,
174858.0,,,,,,,,,,,,,,
174859.0,,,,,,,,,,,,,,
174860.0,,,,,,,,,,,,,,
174861.0,,,,,,,,,,,,,,
174862.0,,,,,,,,,,,,,,
174863.0,,,,,,,,,,,,,,
174864.0,,,,,,,,,,,,,,
174865.0,,,,,,,,,,,,,,
174866.0,,,,,,,,,,,,,,
174867.0,,,,,,,,,,,,,,
174868.0,,,,,,,,,,,,,,
174869.0,,,,,,,,,,,,,,
174870.0,,,,,,,,,,,,,,
174871.0,,,,,,,,,,,,,,
174872.0,,,,,,,,,,,,,,
174873.0,,,,,,,,,,,,,,
174874.0,,,,,,,,,,,,,,
174875.0,,,,,,,,,,,,,,
174876.0,,,,,,,,,,,,,,
174877.0,,,,,,,,,,,,,,
174878.0,,,,,,,,,,,,,,
174879.0,,,,,,,,,,,,,,
174880.0,,,,,,,,,,,,,,
174881.0,,,,,,,,,,,,,,
174882.0,,,,,,,,,,,,,,
174883.0,,,,,,,,,,,,,,
174884.0,,,,,,,,,,,,,,
174885.0,,,,,,,,,,,,,,
174886.0,,,,,,,,,,,,,,
174887.0,,,,,,,,,,,,,,
174888.0,,,,,,,,,,,,,,
174889.0,,,,,,,,,,,,,,
174890.0,,,,,,,,,,,,,,
174891.0,,,,,,,,,,,,,,
174892.0,,,,,,,,,,,,,,
174893.0,,,,,,,,,,,,,,
174894.0,,,,,,,,,,,,,,
174895.0,,,,,,,,,,,,,,
174896.0,,,,,,,,,,,,,,
174897.0,,,,,,,,,,,,,,
174898.0,,,,,,,,,,,,,,
174899.0,,,,,,,,,,,,,,
174900.0,,,,,,,,,,,,,,
174901.0,,,,,,,,,,,,,,
174902.0,,,,,,,,,,,,,,
174903.0,,,,,,,,,,,,,,
174904.0,,,,,,,,,,,,,,
174905.0,,,,,,,,,,,,,,
174906.0,,,,,,,,,,,,,,
174907.0,,,,,,,,,,,,,,
174908.0,,,,,,,,,,,,,,
174909.0,,,,,,,,,,,,,,
174910.0,,,,,,,,,,,,,,
174911.0,,,,,,,,,,,,,,
174912.0,,,,,,,,,,,,,,
174913.0,,,,,,,,,,,,,,
174914.0,,,,,,,,,,,,,,
174915.0,,,,,,,,,,,,,,
174916.0,,,,,,,,,,,,,,
174917.0,,,,,,,,,,,,,,
174918.0,,,,,,,,,,,,,,
174919.0,,,,,,,,,,,,,,
174920.0,,,,,,,,,,,,,,
174921.0,,,,,,,,,,,,,,
174922.0,,,,,,,,,,,,,,
174923.0,,,,,,,,,,,,,,
174924.0,,,,,,,,,,,,,,
174925.0,,,,,,,,,,,,,,
174926.0,,,,,,,,,,,,,,
174927.0,,,,,,,,,,,,,,
174928.0,,,,,,,,,,,,,,
174929.0,,,,,,,,,,,,,,
174930.0,,,,,,,,,,,,,,
174931.0,,,,,,,,,,,,,,
174932.0,,,,,,,,,,,,,,
174933.0,,,,,,,,,,,,,,
174934.0,,,,,,,,,,,,,,
174935.0,,,,,,,,,,,,,,
174936.0,,,,,,,,,,,,,,
174937.0,,,,,,,,,,,,,,
174938.0,,,,,,,,,,,,,,
174939.0,,,,,,,,,,,,,,
174940.0,,,,,,,,,,,,,,
174941.0,,,,,,,,,,,,,,
174942.0,,,,,,,,,,,,,,
174943.0,,,,,,,,,,,,,,
174944.0,,,,,,,,,,,,,,
174945.0,,,,,,,,,,,,,,
174946.0,,,,,,,,,,,,,,
174947.0,,,,,,,,,,,,,,
174948.0,,,,,,,,,,,,,,
174949.0,,,,,,,,,,,,,,
174950.0,,,,,,,,,,,,,,
174951.0,,,,,,,,,,,,,,
174952.0,,,,,,,,,,,,,,
174953.0,,,,,,,,,,,,,,
174954.0,,,,,,,,,,,,,,
174955.0,,,,,,,,,,,,,,
174956.0,,,,,,,,,,,,,,
174957.0,,,,,,,,,,,,,,
174958.0,,,,,,,,,,,,,,
174959.0,,,,,,,,,,,,,,
174960.0,,,,,,,,,,,,,,
174961.0,,,,,,,,,,,,,,
174962.0,,,,,,,,,,,,,,
174963.0,,,,,,,,,,,,,,
174964.0,,,,,,,,,,,,,,
174965.0,,,,,,,,,,,,,,
174966.0,,,,,,,,,,,,,,
174967.0,,,,,,,,,,,,,,
174968.0,,,,,,,,,,,,,,
174969.0,,,,,,,,,,,,,,
174970.0,,,,,,,,,,,,,,
174971.0,,,,,,,,,,,,,,
174972.0,,,,,,,,,,,,,,
174973.0,,,,,,,,,,,,,,
174974.0,,,,,,,,,,,,,,
174975.0,,,,,,,,,,,,,,
174976.0,,,,,,,,,,,,,,
174977.0,,,,,,,,,,,,,,
174978.0,,,,,,,,,,,,,,
174979.0,,,,,,,,,,,,,,
174980.0,,,,,,,,,,,,,,
174981.0,,,,,,,,,,,,,,
174982.0,,,,,,,,,,,,,,
174983.0,,,,,,,,,,,,,,
174984.0,,,,,,,,,,,,,,
174985.0,,,,,,,,,,,,,,
174986.0,,,,,,,,,,,,,,
174987.0,,,,,,,,,,,,,,
174988.0,,,,,,,,,,,,,,
174989.0,,,,,,,,,,,,,,
174990.0,,,,,,,,,,,,,,
174991.0,,,,,,,,,,,,,,
174992.0,,,,,,,,,,,,,,
174993.0,,,,,,,,,,,,,,
174994.0,,,,,,,,,,,,,,
174995.0,,,,,,,,,,,,,,
174996.0,,,,,,,,,,,,,,
174997.0,,,,,,,,,,,,,,
174998.0,,,,,,,,,,,,,,
174999.0,,,,,,,,,,,,,,
175000.0,,,,,,,,,,,,,,
175001.0,,,,,,,,,,,,,,
175002.0,,,,,,,,,,,,,,
175003.0,,,,,,,,,,,,,,
175004.0,,,,,,,,,,,,,,
175005.0,,,,,,,,,,,,,,
175006.0,,,,,,,,,,,,,,
175007.0,,,,,,,,,,,,,,
175008.0,,,,,,,,,,,,,,
175009.0,,,,,,,,,,,,,,
175010.0,,,,,,,,,,,,,,
175011.0,,,,,,,,,,,,,,
175012.0,,,,,,,,,,,,,,
175013.0,,,,,,,,,,,,,,
175014.0,,,,,,,,,,,,,,
175015.0,,,,,,,,,,,,,,
175016.0,,,,,,,,,,,,,,
175017.0,,,,,,,,,,,,,,
175018.0,,,,,,,,,,,,,,
175019.0,,,,,,,,,,,,,,
175020.0,,,,,,,,,,,,,,
175021.0,,,,,,,,,,,,,,
175022.0,,,,,,,,,,,,,,
175023.0,,,,,,,,,,,,,,
175024.0,,,,,,,,,,,,,,
175025.0,,,,,,,,,,,,,,
175026.0,,,,,,,,,,,,,,
175027.0,,,,,,,,,,,,,,
175028.0,,,,,,,,,,,,,,
175029.0,,,,,,,,,,,,,,
175030.0,,,,,,,,,,,,,,
175031.0,,,,,,,,,,,,,,
175032.0,,,,,,,,,,,,,,
175033.0,,,,,,,,,,,,,,
175034.0,,,,,,,,,,,,,,
175035.0,,,,,,,,,,,,,,
175036.0,,,,,,,,,,,,,,
175037.0,,,,,,,,,,,,,,
175038.0,,,,,,,,,,,,,,
175039.0,,,,,,,,,,,,,,
175040.0,,,,,,,,,,,,,,
175041.0,,,,,,,,,,,,,,
175042.0,,,,,,,,,,,,,,
175043.0,,,,,,,,,,,,,,
175044.0,,,,,,,,,,,,,,
175045.0,,,,,,,,,,,,,,
175046.0,,,,,,,,,,,,,,
175047.0,,,,,,,,,,,,,,
175048.0,,,,,,,,,,,,,,
175049.0,,,,,,,,,,,,,,
175050.0,,,,,,,,,,,,,,
175051.0,,,,,,,,,,,,,,
175052.0,,,,,,,,,,,,,,
175053.0,,,,,,,,,,,,,,
175054.0,,,,,,,,,,,,,,
175055.0,,,,,,,,,,,,,,
175056.0,,,,,,,,,,,,,,
175057.0,,,,,,,,,,,,,,
175058.0,,,,,,,,,,,,,,
175059.0,,,,,,,,,,,,,,
175060.0,,,,,,,,,,,,,,
175061.0,,,,,,,,,,,,,,
175062.0,,,,,,,,,,,,,,
175063.0,,,,,,,,,,,,,,
175064.0,,,,,,,,,,,,,,
175065.0,,,,,,,,,,,,,,
175066.0,,,,,,,,,,,,,,
175067.0,,,,,,,,,,,,,,
175068.0,,,,,,,,,,,,,,
175069.0,,,,,,,,,,,,,,
175070.0,,,,,,,,,,,,,,
175071.0,,,,,,,,,,,,,,
175072.0,,,,,,,,,,,,,,
175073.0,,,,,,,,,,,,,,
175074.0,,,,,,,,,,,,,,
175075.0,,,,,,,,,,,,,,
175076.0,,,,,,,,,,,,,,
175077.0,,,,,,,,,,,,,,
175078.0,,,,,,,,,,,,,,
175079.0,,,,,,,,,,,,,,
175080.0,,,,,,,,,,,,,,
175081.0,,,,,,,,,,,,,,
175082.0,,,,,,,,,,,,,,
175083.0,,,,,,,,,,,,,,
175084.0,,,,,,,,,,,,,,
175085.0,,,,,,,,,,,,,,
175086.0,,,,,,,,,,,,,,
175087.0,,,,,,,,,,,,,,
175088.0,,,,,,,,,,,,,,
175089.0,,,,,,,,,,,,,,
175090.0,,,,,,,,,,,,,,
175091.0,,,,,,,,,,,,,,
175092.0,,,,,,,,,,,,,,
175093.0,,,,,,,,,,,,,,
175094.0,,,,,,,,,,,,,,
175095.0,,,,,,,,,,,,,,
175096.0,,,,,,,,,,,,,,
175097.0,,,,,,,,,,,,,,
175098.0,,,,,,,,,,,,,,
175099.0,,,,,,,,,,,,,,
175100.0,,,,,,,,,,,,,,
175101.0,,,,,,,,,,,,,,
175102.0,,,,,,,,,,,,,,
175103.0,,,,,,,,,,,,,,
175104.0,,,,,,,,,,,,,,
175105.0,,,,,,,,,,,,,,
175106.0,,,,,,,,,,,,,,
175107.0,,,,,,,,,,,,,,
175108.0,,,,,,,,,,,,,,
175109.0,,,,,,,,,,,,,,
175110.0,,,,,,,,,,,,,,
175111.0,,,,,,,,,,,,,,
175112.0,,,,,,,,,,,,,,
175113.0,,,,,,,,,,,,,,
175114.0,,,,,,,,,,,,,,
175115.0,,,,,,,,,,,,,,
175116.0,,,,,,,,,,,,,,
175117.0,,,,,,,,,,,,,,
175118.0,,,,,,,,,,,,,,
175119.0,,,,,,,,,,,,,,
175120.0,,,,,,,,,,,,,,
175121.0,,,,,,,,,,,,,,
175122.0,,,,,,,,,,,,,,
175123.0,,,,,,,,,,,,,,
175124.0,,,,,,,,,,,,,,
175125.0,,,,,,,,,,,,,,
175126.0,,,,,,,,,,,,,,
175127.0,,,,,,,,,,,,,,
175128.0,,,,,,,,,,,,,,
175129.0,,,,,,,,,,,,,,
175130.0,,,,,,,,,,,,,,
175131.0,,,,,,,,,,,,,,
175132.0,,,,,,,,,,,,,,
175133.0,,,,,,,,,,,,,,
175134.0,,,,,,,,,,,,,,
175135.0,,,,,,,,,,,,,,
175136.0,,,,,,,,,,,,,,
175137.0,,,,,,,,,,,,,,
175138.0,,,,,,,,,,,,,,
175139.0,,,,,,,,,,,,,,
175140.0,,,,,,,,,,,,,,
175141.0,,,,,,,,,,,,,,
175142.0,,,,,,,,,,,,,,
175143.0,,,,,,,,,,,,,,
175144.0,,,,,,,,,,,,,,
175145.0,,,,,,,,,,,,,,
175146.0,,,,,,,,,,,,,,
175147.0,,,,,,,,,,,,,,
175148.0,,,,,,,,,,,,,,
175149.0,,,,,,,,,,,,,,
175150.0,,,,,,,,,,,,,,
175151.0,,,,,,,,,,,,,,
175152.0,,,,,,,,,,,,,,
175153.0,,,,,,,,,,,,,,
175154.0,,,,,,,,,,,,,,
175155.0,,,,,,,,,,,,,,
175156.0,,,,,,,,,,,,,,
175157.0,,,,,,,,,,,,,,
175158.0,,,,,,,,,,,,,,
175159.0,,,,,,,,,,,,,,
175160.0,,,,,,,,,,,,,,
175161.0,,,,,,,,,,,,,,
175162.0,,,,,,,,,,,,,,
175163.0,,,,,,,,,,,,,,
175164.0,,,,,,,,,,,,,,
175165.0,,,,,,,,,,,,,,
175166.0,,,,,,,,,,,,,,
175167.0,,,,,,,,,,,,,,
175168.0,,,,,,,,,,,,,,
175169.0,,,,,,,,,,,,,,
175170.0,,,,,,,,,,,,,,
175171.0,,,,,,,,,,,,,,
175172.0,,,,,,,,,,,,,,
175173.0,,,,,,,,,,,,,,
175174.0,,,,,,,,,,,,,,
175175.0,,,,,,,,,,,,,,
175176.0,,,,,,,,,,,,,,
175177.0,,,,,,,,,,,,,,
175178.0,,,,,,,,,,,,,,
175179.0,,,,,,,,,,,,,,
175180.0,,,,,,,,,,,,,,
175181.0,,,,,,,,,,,,,,
175182.0,,,,,,,,,,,,,,
175183.0,,,,,,,,,,,,,,
175184.0,,,,,,,,,,,,,,
175185.0,,,,,,,,,,,,,,
175186.0,,,,,,,,,,,,,,
175187.0,,,,,,,,,,,,,,
175188.0,,,,,,,,,,,,,,
175189.0,,,,,,,,,,,,,,
175190.0,,,,,,,,,,,,,,
175191.0,,,,,,,,,,,,,,
175192.0,,,,,,,,,,,,,,
175193.0,,,,,,,,,,,,,,
175194.0,,,,,,,,,,,,,,
175195.0,,,,,,,,,,,,,,
175196.0,,,,,,,,,,,,,,
175197.0,,,,,,,,,,,,,,
175198.0,,,,,,,,,,,,,,
175199.0,,,,,,,,,,,,,,
175200.0,,,,,,,,,,,,,,
175201.0,,,,,,,,,,,,,,
175202.0,,,,,,,,,,,,,,
175203.0,,,,,,,,,,,,,,
175204.0,,,,,,,,,,,,,,
175205.0,,,,,,,,,,,,,,
175206.0,,,,,,,,,,,,,,
175207.0,,,,,,,,,,,,,,
175208.0,,,,,,,,,,,,,,
175209.0,,,,,,,,,,,,,,
175210.0,,,,,,,,,,,,,,
175211.0,,,,,,,,,,,,,,
175212.0,,,,,,,,,,,,,,
175213.0,,,,,,,,,,,,,,
175214.0,,,,,,,,,,,,,,
175215.0,,,,,,,,,,,,,,
175216.0,,,,,,,,,,,,,,
175217.0,,,,,,,,,,,,,,
175218.0,,,,,,,,,,,,,,
175219.0,,,,,,,,,,,,,,
175220.0,,,,,,,,,,,,,,
175221.0,,,,,,,,,,,,,,
175222.0,,,,,,,,,,,,,,
175223.0,,,,,,,,,,,,,,
175224.0,,,,,,,,,,,,,,
175225.0,,,,,,,,,,,,,,
175226.0,,,,,,,,,,,,,,
175227.0,,,,,,,,,,,,,,
175228.0,,,,,,,,,,,,,,
175229.0,,,,,,,,,,,,,,
175230.0,,,,,,,,,,,,,,
175231.0,,,,,,,,,,,,,,
175232.0,,,,,,,,,,,,,,
175233.0,,,,,,,,,,,,,,
175234.0,,,,,,,,,,,,,,
175235.0,,,,,,,,,,,,,,
175236.0,,,,,,,,,,,,,,
175237.0,,,,,,,,,,,,,,
175238.0,,,,,,,,,,,,,,
175239.0,,,,,,,,,,,,,,
175240.0,,,,,,,,,,,,,,
175241.0,,,,,,,,,,,,,,
175242.0,,,,,,,,,,,,,,
175243.0,,,,,,,,,,,,,,
175244.0,,,,,,,,,,,,,,
175245.0,,,,,,,,,,,,,,
175246.0,,,,,,,,,,,,,,
175247.0,,,,,,,,,,,,,,
175248.0,,,,,,,,,,,,,,
175249.0,,,,,,,,,,,,,,
175250.0,,,,,,,,,,,,,,
175251.0,,,,,,,,,,,,,,
175252.0,,,,,,,,,,,,,,
175253.0,,,,,,,,,,,,,,
175254.0,,,,,,,,,,,,,,
175255.0,,,,,,,,,,,,,,
175256.0,,,,,,,,,,,,,,
175257.0,,,,,,,,,,,,,,
175258.0,,,,,,,,,,,,,,
175259.0,,,,,,,,,,,,,,
175260.0,,,,,,,,,,,,,,
175261.0,,,,,,,,,,,,,,
175262.0,,,,,,,,,,,,,,
175263.0,,,,,,,,,,,,,,
175264.0,,,,,,,,,,,,,,
175265.0,,,,,,,,,,,,,,
175266.0,,,,,,,,,,,,,,
175267.0,,,,,,,,,,,,,,
175268.0,,,,,,,,,,,,,,
175269.0,,,,,,,,,,,,,,
175270.0,,,,,,,,,,,,,,
175271.0,,,,,,,,,,,,,,
175272.0,,,,,,,,,,,,,,
175273.0,,,,,,,,,,,,,,
175274.0,,,,,,,,,,,,,,
175275.0,,,,,,,,,,,,,,
175276.0,,,,,,,,,,,,,,
175277.0,,,,,,,,,,,,,,
175278.0,,,,,,,,,,,,,,
175279.0,,,,,,,,,,,,,,
175280.0,,,,,,,,,,,,,,
175281.0,,,,,,,,,,,,,,
175282.0,,,,,,,,,,,,,,
175283.0,,,,,,,,,,,,,,
175284.0,,,,,,,,,,,,,,
175285.0,,,,,,,,,,,,,,
175286.0,,,,,,,,,,,,,,
175287.0,,,,,,,,,,,,,,
175288.0,,,,,,,,,,,,,,
175289.0,,,,,,,,,,,,,,
175290.0,,,,,,,,,,,,,,
175291.0,,,,,,,,,,,,,,
175292.0,,,,,,,,,,,,,,
175293.0,,,,,,,,,,,,,,
175294.0,,,,,,,,,,,,,,
175295.0,,,,,,,,,,,,,,
175296.0,,,,,,,,,,,,,,
175297.0,,,,,,,,,,,,,,
175298.0,,,,,,,,,,,,,,
175299.0,,,,,,,,,,,,,,
175300.0,,,,,,,,,,,,,,
175301.0,,,,,,,,,,,,,,
175302.0,,,,,,,,,,,,,,
175303.0,,,,,,,,,,,,,,
175304.0,,,,,,,,,,,,,,
175305.0,,,,,,,,,,,,,,
175306.0,,,,,,,,,,,,,,
175307.0,,,,,,,,,,,,,,
175308.0,,,,,,,,,,,,,,
175309.0,,,,,,,,,,,,,,
175310.0,,,,,,,,,,,,,,
175311.0,,,,,,,,,,,,,,
175312.0,,,,,,,,,,,,,,
175313.0,,,,,,,,,,,,,,
175314.0,,,,,,,,,,,,,,
175315.0,,,,,,,,,,,,,,
175316.0,,,,,,,,,,,,,,
175317.0,,,,,,,,,,,,,,
