name,transf,client,payoff,total
test_month_sac_gen_J_s_133,601.658846382895,1468.334912,148.50825484764397,718.1678107694611
