name,transf,client,payoff,total
train_month_sac_c_135,1107.5453797471132,2289.492687923877,157.2012507240518,1024.746057452712
