name,transf,client,payoff,total
month_sac_IX_j,1020.4591914040901,1469.5622144,137.28179788267227,311.8212251132375
