name,transf,client,payoff,total
test_month_sac_gen_J_t_207,657.1152217306563,1468.334912,148.50825484764397,662.7114354216997
