name,transf,client,payoff,total
test_month_sac_gen_a_10,877.4969340407948,1488.30912,159.56135988924024,451.25082606996483
