name,transf,client,payoff,total
test_month_sac_gen_I_f_463,729.4584333444793,1468.334912,147.8419170286109,591.0345616269099
