name,transf,client,payoff,total
test_month_sac_gen_J_n_268,686.6063346302768,1468.334912,149.17516390639216,632.553413463331
