name,transf,client,payoff,total
test_month_sac_gen_J_v_4,823.814666860208,1468.334912,148.50825484764397,496.011990292148
