name,transf,client,payoff,total
test_month_sac_gen_I_l_31,725.483613941794,1468.334912,149.17516390639216,593.6761341518138
