name,transf,client,payoff,total
test_month_sac_gen_J_e_116,693.1383135873532,1468.334912,149.17516390639216,626.0214345062546
