name,transf,client,payoff,total
month_sac_IX_i,860.1210972396138,1469.5622144,140.014591086009,469.4265260743771
