name,transf,client,payoff,total
val_month_sac_gen_J_h_126,675.0356324336445,1488.30912,159.56135988924024,653.7121276771152
