name,transf,client,payoff,total
val_month_sac_c_644,1840.246280816784,2277.450960542104,145.3079860330326,291.89669369228733
